0	14.1557427
0.096878993	14.25741863
1.572403444	14.06605073
1.261246823	14.16722805
2.687231668	13.98292673
2.419016856	14.0836128
3.823200283	13.8960207
3.554985471	13.9974567
4.959168898	13.81015305
4.690954086	13.9113006
6.095137513	13.72186253
5.826922701	13.82468295
7.231106128	13.63063005
6.962891316	13.73529645
8.367074745	13.54545458
8.098859933	13.64637143
9.50304336	13.45647188
9.234828548	13.56021525
10.63901198	13.3652394
10.37079716	13.4699058
11.76207185	13.27729335
11.45656514	13.38143595
12.80767933	13.1832807
12.7216211	13.2829512
13.94364794	13.091529
13.71559364	13.1922201
15.07961656	12.99250898
14.81140175	13.1003481
16.20267644	12.90265935
15.89716973	13.00818638
17.23537518	12.81210615
17.02022961	12.91902893
18.26807392	12.72086078
18.05292835	12.8284758
19.28543185	12.63047123
19.08562709	12.73515368
20.24506613	12.53392238
20.21421929	12.63195458
21.24755945	12.44652293
21.21987116	12.53675025
22.19109974	12.35036483
22.23535825	12.4406571
23.12723444	12.2618583
23.14413314	12.35036535
24.0566633	12.16720185
24.07356201	12.25827638
24.97938633	12.0670965
25.02364485	12.1606521
25.90389759	11.97662873
25.79816891	12.08114235
26.74825175	11.88189863
26.6243279	11.99090948
27.57441074	11.7885507
27.45048689	11.8996383
28.3935039	11.68656728
28.32828083	11.79944378
29.21966289	11.5939845
29.10280488	11.7077508
29.95022531	11.49224715
30.08386868	11.59282463
30.70348793	11.4033693
30.88421021	11.50341923
31.3345816	11.30884328
31.66242247	11.39745683
31.93057702	11.2090872
32.32138262	11.28658448
32.5393968	11.11470773
33.06047093	11.0035137
33.14065696	11.16706943
33.58859003	10.89892058
33.62455008	11.07967148
33.96046088	10.79764838
34.07008582	10.9819446
34.37602283	10.70121398
34.55029073	10.88554223
34.82137415	10.58497485
35.12933967	10.49245223
35.05557548	10.77131318
35.4391493	10.3957764
35.4409934	10.66760085
35.71511417	10.2718725
36.05876854	10.168011
36.24828578	10.06374368
35.91861657	10.54046318
36.45482553	9.96408825
36.31104209	10.39452068
36.66136528	9.87785145
36.87755111	9.767015025
36.7226463	10.26243518
37.07444477	9.6670389
36.95869173	10.15981673
37.28098452	9.57377325
37.16523148	10.06431465
37.50454678	9.465676275
37.69406402	9.36998955
37.55028058	9.895438725
37.38160645	9.989976375
37.87213835	9.272886525
37.76026265	9.769202025
38.10714352	9.184736325
37.9668024	9.668162175
38.40620559	9.072124875
38.20346253	9.566779875
38.71335754	8.95214265
38.6036333	9.37958145
38.34545861	9.49307505
39.05359489	8.8458288
38.9060665	9.23385525
39.34373406	8.740329525
39.30305199	9.07710105
38.96507786	9.1650351
39.76541938	8.63350185
39.71747265	8.927199525
40.19743169	8.538858675
40.05678795	8.828154
40.32479786	8.73048405
40.61051118	8.440890375
40.755089	8.617704225
41.02359068	8.34292215
41.23701509	8.514275925
41.54037034	8.245901325
41.57264218	8.420866725
42.05671971	8.15562975
42.06317408	8.331422625
42.67064393	8.0602092
42.57952345	8.240112675
43.12169029	8.144860275
43.29026317	7.961094
43.67676586	8.048882625
43.99492819	7.862722425
44.15438903	7.954971975
44.71781731	7.770705375
44.87727815	7.860572775
45.44813106	7.687701825
45.7292546	7.75372965
46.17102018	7.59180285
46.58639456	7.6516635
46.98208124	7.49943675
47.41255355	7.554577575
47.80824023	7.404449325
48.23871255	7.4599836
48.64146506	7.31757285
49.13716045	7.3606224
49.46762405	7.227339975
49.96331945	7.26831285
50.28671721	7.1336961
50.71718953	7.1878314
51.12510553	7.043759925
51.54334852	7.100713575
52.03609334	6.951134625
52.30754558	7.022725425
52.96552221	6.8573052
53.16468554	6.9350577
53.89495108	6.7664424
54.09411441	6.843107175
54.84047396	6.671590125
55.02354328	6.7518489
55.85194727	6.57669765
55.9013372	6.6681987
56.86831875	6.485130075
56.77913114	6.584548425
57.8353003	6.391611
57.80445346	6.490236525
58.84677362	6.30276795
58.8371522	6.395431125
59.87947235	6.211341975
59.86985094	6.30418575
60.9121711	6.1231665
60.90254968	6.214127025
61.9641394	6.028989075
62.02007724	6.117255525
63.08719928	5.940523875
62.85484206	6.03636885
64.13280675	5.846338125
63.95638739	5.9534388
65.26877537	5.754759525
65.00056055	5.859425925
66.40474398	5.66352705
66.13652917	5.76819345
67.5407126	5.572294575
67.27249778	5.676960975
68.68201682	5.492006925
68.35826576	5.59368285
69.81264983	5.3981364
69.54443501	5.5028028
70.95395405	5.317682625
70.63020299	5.419524675
72.08458706	5.22795855
71.81637224	5.329567575
73.22055567	5.14503285
72.95234086	5.24387295
74.35652429	5.06193405
74.06392631	5.162444025
75.4924929	4.979873625
75.22427813	5.0789445
76.60919198	4.8975324
76.36598393	4.994173575
77.7382215	4.814868525
77.5191642	4.9140189
78.88112918	4.73926545
78.51743963	4.842151725
80.0101587	4.658834175
79.65340823	4.75091925
81.14565795	4.5745869
80.87199278	4.67132655
82.27270778	4.50506415
81.8220756	4.601668425
83.3957118	4.426434075
82.85477438	4.51042305
84.5316804	4.350628425
83.99074298	4.435804125
85.667649	4.2760095
85.12671158	4.3611852
86.8036176	4.203170625
86.26268018	4.286566275
87.9395862	4.13052945
87.39864878	4.211947275
89.09743823	4.05495405
88.58625233	4.135258125
90.21152348	3.988213875
89.67058605	4.0710162
91.34749208	3.91873725
90.80655465	4.000550625
92.5053441	3.847503075
91.9941582	3.928014825
93.61942928	3.784135125
93.07849185	3.85961955
94.75539795	3.717625125
94.21446053	3.7933074
95.9132499	3.6489819
95.40206408	3.727001625
97.00274708	3.5924055
98.16330375	3.525017625
97.62236633	3.60267765
99.29927235	3.4630566
98.75833493	3.5363655
100.410653	3.4038525
101.5712096	3.339530175
101.0302722	3.4120479
102.6825902	3.281234025
103.8185588	3.22077435
104.9791154	3.15839385
104.438178	3.229724925
106.1150841	3.0986085
105.5741467	3.17171955
107.2264646	3.04298235
108.3624332	2.984033025
109.4984018	2.92546125
110.6343705	2.867267025
111.7703391	2.80982805
112.9063077	2.752577775
114.0422763	2.6958939
115.1782449	2.6386437
116.3142136	2.5821486
117.4501822	2.5256535
118.5861508	2.469158475
119.7221194	2.413229775
120.858088	2.35748985
121.9940567	2.3025051
123.1300253	2.246198775
124.2659939	2.19102525
125.4019625	2.13641805
126.5379311	2.08162215
127.6738997	2.026637325
128.8098683	1.97240775
129.9458369	1.917423
131.0818055	1.86300465
132.2177741	1.80896385
133.3537428	1.7553006
134.4897114	1.700504625
135.62568	1.64759655
136.7616486	1.593366975
137.8976172	1.539892575
139.0335859	1.4864181
140.1695545	1.4329437
141.3055231	1.379469225
142.4414917	1.326561225
143.5774603	1.27308675
144.713429	1.219801125
145.8493976	1.166326725
146.9853662	1.113607425
148.1213348	1.06069935
149.2573034	1.00722495
150.393272	0.95450565
151.5292406	0.90103125
152.6652092	0.847745625
153.8011778	0.79483755
154.9371464	0.74155185
156.0731151	0.68807745
157.2090837	0.6344142
158.3450523	0.581128575
159.4810209	0.526899
160.6169895	0.4728582
161.7529582	0.41787345
162.8889268	0.3628887
164.0248954	0.308092725
165.160864	0.27217575
166.2968326	0.268353225
167.4328013	0.2616987
168.5687699	0.25372275
169.7047385	0.24423645
170.8407071	0.234372525
171.9766757	0.22469745
173.1126443	0.2137008
174.2486129	0.2023266
175.3845815	0.1915188
176.5205501	0.17863425
177.6565187	0.16726005
178.7924874	0.1562634
179.928456	0.144134025
181.0644246	0.133703775
182.2003932	0.121952025
183.3363618	0.110577825
184.4723305	0.100902675
185.6082991	0.0912276
186.7442677	0.080042175
187.8802363	0.0703671
189.0162049	0.0622023
190.1521736	0.053848725
191.2881422	0.0451176
192.4241108	0.037707975
193.5600794	0.0318087
194.696048	0.0242103
195.8320166	0.01755585
196.9679852	0.01316685
198.1039538	0.00802275
199.2399224	0.0045777
200.375891	0
201.5118597	0.000141975
202.6478283	0.00028395
203.7837969	0.000425925
204.9197655	0.000567975
206.0557341	0.00070995
207.1917028	0.000851925
208.3276714	0.007979175
209.46364	0.010953
210.5996086	0.01808025
211.7355772	0.026529
212.8715459	0.0364881
214.0075145	0.047202375
215.0970116	0.0560418
216.1193834	0.07652115
217.11776	0.07673145
217.9196203	0.1115247
218.8992453	0.1125987
219.8558505	0.14266635
220.8302108	0.140864475
221.4360607	0.189950175
222.3788286	0.1836822
223.088809	0.232313625
224.0394451	0.224867325
224.5262888	0.28574565
225.5022458	0.2700756
225.8517746	0.33880995
226.8732196	0.317238825
227.0625477	0.39236955
228.1124581	0.370003275
228.3017862	0.4465185
229.3232312	0.432854775
229.67276	0.5063814
230.7372341	0.488797275
230.7372341	0.5733753
231.8301736	0.5549475
232.0195016	0.636308325
233.1124412	0.618981825
233.1124412	0.706580475
234.2484098	0.686333175
234.2484098	0.77506455
235.3843784	0.75670515
235.3843784	0.84656925
236.520347	0.83009775
236.5289528	0.925878375
237.6563156	0.9057558
237.5899278	1.00294755
238.4979651	1.060555725
238.8217899	0.98886135
239.5106834	1.11231075
240.1782746	1.19470155
240.7285943	1.130611425
241.1674913	1.2458733
241.8305927	1.32016545
242.3809124	1.255419525
242.8249728	1.370523825
243.3820564	1.4477541
244.0147893	1.3894221
244.3471164	1.4982012
244.9081556	1.5748539
245.5638374	1.521337425
245.8748765	1.65025485
246.8848871	1.741362225
246.7440645	1.62353955
247.8518687	1.832480025
247.8210218	1.72216875
248.863342	1.92429285
248.7578271	1.80930915
249.8960407	2.02121385
249.7388909	1.899224025
250.9124122	2.116047975
250.7715896	1.99666095
251.8632997	2.208026775
251.7526535	2.09072925
252.7927286	2.2995174
252.6820823	2.18083545
253.7221574	2.392788075
253.6115111	2.2737105
254.6582921	2.482014075
254.4893051	2.362148925
255.5760976	2.5722087
255.4187339	2.456962275
256.4256152	2.667457125
256.4514327	2.5606491
257.3316854	2.752210425
257.2259567	2.6403525
258.1812031	2.849387175
258.2070206	2.743617525
259.0872733	2.935376625
258.9815446	2.82332085
259.9367909	3.0333939
259.9626084	2.926585875
260.8477787	3.127839075
260.7887674	3.012525825
261.7646677	3.221770725
261.6665613	3.1053945
262.6218077	3.316159725
262.6476251	3.2093517
263.5327955	3.4121871
263.577054	3.309149175
264.4573067	3.50189715
264.351578	3.3888525
265.3068244	3.599963925
265.3326419	3.493502025
266.2178122	3.694557375
266.2620707	3.591915
267.1423235	3.783476325
267.0365948	3.671618325
267.9918411	3.880237725
268.0176586	3.77488335
268.8902891	3.96902475
268.9470875	3.869142975
269.747429	4.059468075
269.9281513	3.970331325
270.6534992	4.143281925
270.8679071	4.06542285
271.5030168	4.239736725
271.8386439	4.165779225
272.4090871	4.324668075
272.8093808	4.265028
273.2463754	4.4192388
273.7491366	4.36538055
274.0796002	4.504421775
274.9057592	4.59527655
274.7818353	4.478343225
275.7319182	4.68779265
275.6079944	4.56982095
276.5510114	4.785587025
276.4857883	4.669196625
277.3771703	4.880780925
277.3119473	4.76233575
278.2033293	4.97816085
278.1381062	4.86045885
279.0216374	5.0718843
278.9642653	4.9569207
279.7674754	5.16681315
279.8523862	5.063358375
280.5706855	5.259672525
280.5649483	5.149837875
281.3090989	5.353691025
281.2878374	5.2413027
282.031988	5.445155925
282.1243234	5.346072525
282.7548771	5.53662075
282.9143379	5.447098575
283.4777662	5.630040075
283.6372271	5.5385634
284.20808	5.71907625
284.368722	5.632106025
284.9235445	5.818589025
285.0830053	5.72772315
285.6538582	5.91031275
285.8145002	5.82334245
286.3693227	6.010558425
286.5287835	5.918959575
286.9676805	6.138220875
287.2774901	6.0201189
287.9733323	6.2191728
287.8454744	6.09771975
288.3876413	6.34214505
288.8781731	6.23669055
289.2314648	6.44109375
289.4518947	6.335124975
290.0019924	6.543134475
290.3239514	6.432673725
290.8506278	6.665863125
291.0468405	6.548951025
291.6543104	6.7676238
291.9246344	6.650629875
292.3549256	6.868505625
292.5958886	6.7438683
293.2556684	6.986297475
293.3876243	6.8667888
294.2727947	7.0755576
294.1965717	6.9603411
295.0514168	7.182654075
294.9710957	7.06496475
295.7668812	7.28462355
295.7456198	7.168203975
296.497195	7.3757364
296.416874	7.2589701
297.2126594	7.476348675
297.1913981	7.361517075
297.9429732	7.5653577
297.8626522	7.450206525
298.6584377	7.66416465
298.6371763	7.550676825
299.3813268	7.7561181
299.3600654	7.642141725
300	7.84733865
