PERMZ
0.000000000000000e+00
0.000000000000000e+00
0.000000000000000e+00
0.000000000000000e+00
0.000000000000000e+00
0.000000000000000e+00
0.000000000000000e+00
0.000000000000000e+00
0.000000000000000e+00
0.000000000000000e+00
0.000000000000000e+00
0.000000000000000e+00
0.000000000000000e+00
0.000000000000000e+00
0.000000000000000e+00
0.000000000000000e+00
0.000000000000000e+00
0.000000000000000e+00
0.000000000000000e+00
0.000000000000000e+00
0.000000000000000e+00
0.000000000000000e+00
0.000000000000000e+00
0.000000000000000e+00
0.000000000000000e+00
0.000000000000000e+00
0.000000000000000e+00
0.000000000000000e+00
0.000000000000000e+00
0.000000000000000e+00
0.000000000000000e+00
0.000000000000000e+00
0.000000000000000e+00
0.000000000000000e+00
0.000000000000000e+00
0.000000000000000e+00
0.000000000000000e+00
0.000000000000000e+00
0.000000000000000e+00
0.000000000000000e+00
0.000000000000000e+00
0.000000000000000e+00
0.000000000000000e+00
0.000000000000000e+00
0.000000000000000e+00
0.000000000000000e+00
0.000000000000000e+00
0.000000000000000e+00
0.000000000000000e+00
0.000000000000000e+00
0.000000000000000e+00
0.000000000000000e+00
0.000000000000000e+00
0.000000000000000e+00
0.000000000000000e+00
0.000000000000000e+00
0.000000000000000e+00
0.000000000000000e+00
0.000000000000000e+00
0.000000000000000e+00
0.000000000000000e+00
0.000000000000000e+00
0.000000000000000e+00
0.000000000000000e+00
0.000000000000000e+00
0.000000000000000e+00
0.000000000000000e+00
0.000000000000000e+00
0.000000000000000e+00
0.000000000000000e+00
0.000000000000000e+00
0.000000000000000e+00
0.000000000000000e+00
0.000000000000000e+00
0.000000000000000e+00
0.000000000000000e+00
0.000000000000000e+00
0.000000000000000e+00
0.000000000000000e+00
0.000000000000000e+00
0.000000000000000e+00
0.000000000000000e+00
0.000000000000000e+00
0.000000000000000e+00
0.000000000000000e+00
0.000000000000000e+00
0.000000000000000e+00
0.000000000000000e+00
0.000000000000000e+00
0.000000000000000e+00
0.000000000000000e+00
0.000000000000000e+00
0.000000000000000e+00
0.000000000000000e+00
0.000000000000000e+00
0.000000000000000e+00
0.000000000000000e+00
0.000000000000000e+00
0.000000000000000e+00
0.000000000000000e+00
0.000000000000000e+00
0.000000000000000e+00
0.000000000000000e+00
0.000000000000000e+00
0.000000000000000e+00
0.000000000000000e+00
0.000000000000000e+00
0.000000000000000e+00
0.000000000000000e+00
0.000000000000000e+00
0.000000000000000e+00
0.000000000000000e+00
0.000000000000000e+00
0.000000000000000e+00
0.000000000000000e+00
0.000000000000000e+00
0.000000000000000e+00
0.000000000000000e+00
0.000000000000000e+00
0.000000000000000e+00
0.000000000000000e+00
0.000000000000000e+00
0.000000000000000e+00
0.000000000000000e+00
0.000000000000000e+00
0.000000000000000e+00
0.000000000000000e+00
0.000000000000000e+00
0.000000000000000e+00
0.000000000000000e+00
0.000000000000000e+00
0.000000000000000e+00
0.000000000000000e+00
0.000000000000000e+00
0.000000000000000e+00
0.000000000000000e+00
0.000000000000000e+00
0.000000000000000e+00
0.000000000000000e+00
0.000000000000000e+00
0.000000000000000e+00
0.000000000000000e+00
0.000000000000000e+00
0.000000000000000e+00
0.000000000000000e+00
0.000000000000000e+00
0.000000000000000e+00
0.000000000000000e+00
0.000000000000000e+00
0.000000000000000e+00
0.000000000000000e+00
0.000000000000000e+00
0.000000000000000e+00
0.000000000000000e+00
0.000000000000000e+00
0.000000000000000e+00
0.000000000000000e+00
0.000000000000000e+00
0.000000000000000e+00
0.000000000000000e+00
0.000000000000000e+00
0.000000000000000e+00
0.000000000000000e+00
0.000000000000000e+00
0.000000000000000e+00
0.000000000000000e+00
0.000000000000000e+00
0.000000000000000e+00
0.000000000000000e+00
0.000000000000000e+00
0.000000000000000e+00
0.000000000000000e+00
0.000000000000000e+00
0.000000000000000e+00
0.000000000000000e+00
0.000000000000000e+00
0.000000000000000e+00
0.000000000000000e+00
0.000000000000000e+00
0.000000000000000e+00
0.000000000000000e+00
0.000000000000000e+00
0.000000000000000e+00
0.000000000000000e+00
0.000000000000000e+00
0.000000000000000e+00
0.000000000000000e+00
0.000000000000000e+00
0.000000000000000e+00
0.000000000000000e+00
0.000000000000000e+00
0.000000000000000e+00
0.000000000000000e+00
0.000000000000000e+00
0.000000000000000e+00
0.000000000000000e+00
0.000000000000000e+00
0.000000000000000e+00
0.000000000000000e+00
0.000000000000000e+00
0.000000000000000e+00
0.000000000000000e+00
0.000000000000000e+00
0.000000000000000e+00
0.000000000000000e+00
0.000000000000000e+00
0.000000000000000e+00
0.000000000000000e+00
0.000000000000000e+00
0.000000000000000e+00
0.000000000000000e+00
0.000000000000000e+00
0.000000000000000e+00
0.000000000000000e+00
2.771898798103476e+02
3.847585490488608e+02
1.793185689317913e+02
2.777583136175801e+02
0.000000000000000e+00
0.000000000000000e+00
0.000000000000000e+00
0.000000000000000e+00
0.000000000000000e+00
2.838789975687855e+02
3.029678222849719e+02
3.365403222528246e+02
2.062055759017464e+02
2.923886916661927e+02
2.916404860742787e+02
0.000000000000000e+00
0.000000000000000e+00
0.000000000000000e+00
3.018313819788377e+02
2.965040825859166e+02
3.229056264458217e+02
3.325063316064090e+02
2.296078364228264e+02
2.908854419487932e+02
3.614249558857301e+02
0.000000000000000e+00
0.000000000000000e+00
0.000000000000000e+00
2.912641412440959e+02
2.694612928213382e+02
3.260329722861258e+02
3.172091157710248e+02
2.437932605260160e+02
3.006114036379496e+02
3.717202945336190e+02
0.000000000000000e+00
0.000000000000000e+00
0.000000000000000e+00
2.882670507157151e+02
2.455989858871464e+02
3.388015247191878e+02
3.381201810712293e+02
2.578548553614550e+02
3.158819670825101e+02
3.389454508222801e+02
0.000000000000000e+00
0.000000000000000e+00
0.000000000000000e+00
0.000000000000000e+00
0.000000000000000e+00
3.276083755015298e+02
3.553482837702276e+02
2.707391702924729e+02
3.333492558021509e+02
0.000000000000000e+00
0.000000000000000e+00
0.000000000000000e+00
0.000000000000000e+00
0.000000000000000e+00
0.000000000000000e+00
0.000000000000000e+00
0.000000000000000e+00
0.000000000000000e+00
0.000000000000000e+00
0.000000000000000e+00
0.000000000000000e+00
0.000000000000000e+00
0.000000000000000e+00
0.000000000000000e+00
0.000000000000000e+00
0.000000000000000e+00
0.000000000000000e+00
0.000000000000000e+00
0.000000000000000e+00
0.000000000000000e+00
0.000000000000000e+00
0.000000000000000e+00
0.000000000000000e+00
0.000000000000000e+00
0.000000000000000e+00
0.000000000000000e+00
0.000000000000000e+00
0.000000000000000e+00
0.000000000000000e+00
0.000000000000000e+00
0.000000000000000e+00
0.000000000000000e+00
0.000000000000000e+00
0.000000000000000e+00
0.000000000000000e+00
0.000000000000000e+00
0.000000000000000e+00
0.000000000000000e+00
0.000000000000000e+00
0.000000000000000e+00
0.000000000000000e+00
0.000000000000000e+00
0.000000000000000e+00
0.000000000000000e+00
0.000000000000000e+00
0.000000000000000e+00
0.000000000000000e+00
0.000000000000000e+00
0.000000000000000e+00
0.000000000000000e+00
0.000000000000000e+00
0.000000000000000e+00
0.000000000000000e+00
0.000000000000000e+00
0.000000000000000e+00
0.000000000000000e+00
0.000000000000000e+00
0.000000000000000e+00
0.000000000000000e+00
0.000000000000000e+00
0.000000000000000e+00
0.000000000000000e+00
0.000000000000000e+00
0.000000000000000e+00
0.000000000000000e+00
0.000000000000000e+00
0.000000000000000e+00
0.000000000000000e+00
0.000000000000000e+00
0.000000000000000e+00
0.000000000000000e+00
0.000000000000000e+00
0.000000000000000e+00
0.000000000000000e+00
0.000000000000000e+00
2.333409154163254e+02
3.697141550627266e+02
1.623290402906557e+02
2.417687490816489e+02
0.000000000000000e+00
0.000000000000000e+00
0.000000000000000e+00
0.000000000000000e+00
0.000000000000000e+00
2.866513928952622e+02
2.391956058301684e+02
3.976322884204013e+02
1.641629654629435e+02
2.540872383322410e+02
2.537983848432677e+02
0.000000000000000e+00
0.000000000000000e+00
0.000000000000000e+00
3.535468262093502e+02
2.975034149231571e+02
2.095523347883976e+02
2.685226533776757e+02
3.136747273809432e+02
2.602773831132309e+02
2.555969857348186e+02
2.717187160989444e+02
0.000000000000000e+00
3.783448694392304e+02
3.421204726535735e+02
2.425620058772010e+02
2.201404564008137e+02
2.858386851802409e+02
3.561496377819052e+02
2.862104918836699e+02
3.978117535335283e+02
2.312002862675955e+02
0.000000000000000e+00
3.316433551225225e+02
3.219301630376847e+02
2.363140624710718e+02
2.260653051147346e+02
3.068509602634271e+02
3.504698716540722e+02
2.708078667008994e+02
3.588056853180809e+02
2.204973743385976e+02
0.000000000000000e+00
3.480546659170320e+02
3.537703586327688e+02
2.230894738306629e+02
2.045915010921016e+02
3.309252376850254e+02
3.534536779792043e+02
2.626326673720511e+02
3.376392313352588e+02
2.288113178753775e+02
0.000000000000000e+00
3.566986380954620e+02
3.464048103552112e+02
1.926508304326175e+02
2.004953485028163e+02
3.583495519129487e+02
3.690345957475576e+02
2.838122313005497e+02
3.320557746225554e+02
2.102377035492721e+02
0.000000000000000e+00
0.000000000000000e+00
3.135966165429526e+02
2.282476689851097e+02
1.983149323438552e+02
3.621415950127018e+02
3.505411421681852e+02
2.963682388543161e+02
3.269236483749120e+02
1.868257968182869e+02
0.000000000000000e+00
0.000000000000000e+00
0.000000000000000e+00
2.240211708191958e+02
3.107415237375542e+02
3.562673042817079e+02
2.886955411197634e+02
3.299737395110081e+02
0.000000000000000e+00
0.000000000000000e+00
0.000000000000000e+00
0.000000000000000e+00
0.000000000000000e+00
0.000000000000000e+00
0.000000000000000e+00
0.000000000000000e+00
0.000000000000000e+00
0.000000000000000e+00
0.000000000000000e+00
0.000000000000000e+00
0.000000000000000e+00
0.000000000000000e+00
0.000000000000000e+00
0.000000000000000e+00
0.000000000000000e+00
0.000000000000000e+00
0.000000000000000e+00
0.000000000000000e+00
0.000000000000000e+00
0.000000000000000e+00
0.000000000000000e+00
0.000000000000000e+00
0.000000000000000e+00
0.000000000000000e+00
0.000000000000000e+00
0.000000000000000e+00
0.000000000000000e+00
0.000000000000000e+00
0.000000000000000e+00
0.000000000000000e+00
0.000000000000000e+00
0.000000000000000e+00
0.000000000000000e+00
0.000000000000000e+00
0.000000000000000e+00
0.000000000000000e+00
0.000000000000000e+00
0.000000000000000e+00
0.000000000000000e+00
0.000000000000000e+00
0.000000000000000e+00
0.000000000000000e+00
0.000000000000000e+00
0.000000000000000e+00
0.000000000000000e+00
0.000000000000000e+00
0.000000000000000e+00
0.000000000000000e+00
0.000000000000000e+00
0.000000000000000e+00
0.000000000000000e+00
0.000000000000000e+00
0.000000000000000e+00
2.987740130255345e+02
2.010643844462782e+02
3.688186843615543e+02
1.805384952483022e+02
2.607966778870588e+02
0.000000000000000e+00
0.000000000000000e+00
0.000000000000000e+00
0.000000000000000e+00
3.026621218245024e+02
2.955881977120052e+02
2.308949417528934e+02
2.577065982031185e+02
2.749677839236550e+02
2.961587210513561e+02
2.743623326454071e+02
3.003441380708617e+02
0.000000000000000e+00
3.479012355059955e+02
3.452631215854277e+02
2.643790088240436e+02
2.260633196496827e+02
2.613438995109656e+02
2.730559922005916e+02
2.867967328659690e+02
3.922909660638174e+02
3.065660751779276e+02
2.632833046403962e+02
3.784167117021285e+02
2.533487028238278e+02
2.484134476016567e+02
1.944779681292031e+02
3.262545259623852e+02
2.339084318321345e+02
3.296629372583734e+02
4.193124069048476e+02
2.202491911916283e+02
2.927100276025932e+02
3.131038332850830e+02
2.835890728788286e+02
2.520137656325341e+02
1.916705823099934e+02
3.348920177876843e+02
2.170202824317867e+02
3.031554894192553e+02
4.440874235234633e+02
1.974355480302906e+02
3.098292484039281e+02
3.267048845362102e+02
2.683156836845419e+02
2.442238477216224e+02
2.120470093842085e+02
3.421080110993452e+02
1.893689817670744e+02
2.967741389863474e+02
4.664236026290515e+02
1.684690178487465e+02
2.957150911108498e+02
3.103183180815730e+02
2.988613477912133e+02
2.438709652991874e+02
2.316083609353098e+02
3.534386787341932e+02
1.843674513123770e+02
2.970899217142027e+02
4.678721319877625e+02
1.736116498426603e+02
3.245171910332749e+02
3.328083496877338e+02
2.932401307237657e+02
2.253261082856630e+02
2.301964462243076e+02
3.320061591103404e+02
1.848576101001856e+02
2.869116258725455e+02
4.446306976914140e+02
1.774103789538754e+02
3.159510351965399e+02
3.855104134822362e+02
3.543025173772612e+02
1.890665506456426e+02
2.405675429053490e+02
3.285557014961134e+02
1.859873774219706e+02
3.102903731558419e+02
3.410349546383897e+02
1.531599912063076e+02
0.000000000000000e+00
4.008779518956787e+02
3.534168520370498e+02
1.806002889522960e+02
1.946284375793058e+02
3.771852273293496e+02
3.599390401590429e+02
2.852363597544282e+02
3.124180984132368e+02
1.662797782648087e+02
0.000000000000000e+00
0.000000000000000e+00
0.000000000000000e+00
1.992305315835039e+02
2.870827420777306e+02
3.284890527641361e+02
2.973839150654130e+02
3.357123662210121e+02
0.000000000000000e+00
0.000000000000000e+00
0.000000000000000e+00
0.000000000000000e+00
0.000000000000000e+00
0.000000000000000e+00
0.000000000000000e+00
0.000000000000000e+00
0.000000000000000e+00
0.000000000000000e+00
0.000000000000000e+00
0.000000000000000e+00
0.000000000000000e+00
0.000000000000000e+00
0.000000000000000e+00
0.000000000000000e+00
0.000000000000000e+00
0.000000000000000e+00
0.000000000000000e+00
0.000000000000000e+00
0.000000000000000e+00
0.000000000000000e+00
0.000000000000000e+00
0.000000000000000e+00
0.000000000000000e+00
0.000000000000000e+00
0.000000000000000e+00
0.000000000000000e+00
0.000000000000000e+00
0.000000000000000e+00
0.000000000000000e+00
0.000000000000000e+00
0.000000000000000e+00
0.000000000000000e+00
3.137565562135527e+02
3.099541605411078e+02
1.709158145929006e+02
3.597646963056590e+02
1.891144920117920e+02
2.330567549167641e+02
2.534261760287849e+02
0.000000000000000e+00
0.000000000000000e+00
3.287933225421598e+02
2.913167545721976e+02
2.586184528915177e+02
2.405154440462609e+02
2.331599379431710e+02
2.972056508197118e+02
3.126048093636485e+02
2.637475473887588e+02
3.052356390533392e+02
1.972176084265153e+02
3.634146506503197e+02
2.181459585038158e+02
2.446538676122210e+02
2.261719559979821e+02
3.027431464798492e+02
1.961125437684615e+02
3.618526161154340e+02
3.816871256752947e+02
2.723245269844100e+02
2.209383471688973e+02
3.207898018651384e+02
2.460415055088670e+02
2.339145692057637e+02
2.065888778469497e+02
3.095573432409806e+02
2.119302706897505e+02
3.471328128102697e+02
4.673125978135308e+02
2.650689004962536e+02
2.475640158569861e+02
3.323782334922082e+02
1.836006148482118e+02
2.502194020651136e+02
2.330812953447904e+02
2.444727393217622e+02
1.961912686466771e+02
3.457226638414720e+02
4.820202430508701e+02
2.114639335529825e+02
2.462561299168542e+02
3.003603426846901e+02
2.276670776684792e+02
3.135235008278603e+02
2.188183372522310e+02
2.360062260824672e+02
1.900899201581779e+02
3.593965698771166e+02
3.932195874895893e+02
1.960427702013341e+02
2.581618307141361e+02
3.150503250537730e+02
2.433976113651956e+02
3.029624800672146e+02
2.039604335658055e+02
2.253691732710151e+02
1.647868016262527e+02
3.484328981420011e+02
3.941554283126958e+02
2.099784739867196e+02
2.961958648237069e+02
3.012671593141703e+02
2.416262111553656e+02
3.021576048515877e+02
2.242892646231146e+02
2.015318501953237e+02
1.571744281403092e+02
3.475573152705162e+02
4.193102208578679e+02
2.335612918591439e+02
3.171762622629670e+02
3.064866985434793e+02
2.187668533864353e+02
2.685434565629769e+02
2.230697285384150e+02
1.797512755163880e+02
1.767166037444368e+02
3.132944999926887e+02
3.720510072347484e+02
2.253180019012158e+02
2.835596775425705e+02
3.340993037567881e+02
2.911306233439561e+02
1.985069789094265e+02
2.326699440530039e+02
1.761932432507177e+02
1.728706536859577e+02
2.958745847775013e+02
4.268038988001646e+02
2.093591735347158e+02
2.953816480952720e+02
3.230909653106611e+02
3.633631419437015e+02
2.168732978631649e+02
2.660928179068013e+02
3.370742205154603e+02
2.005212439478552e+02
3.545715946984211e+02
3.399047323918791e+02
1.234652920961874e+02
0.000000000000000e+00
3.865814989770283e+02
3.532137185078336e+02
1.777444231122936e+02
1.973416617774645e+02
4.087889564472005e+02
3.681782559305881e+02
3.105435791435112e+02
2.781218756244112e+02
1.455167141236644e+02
0.000000000000000e+00
0.000000000000000e+00
0.000000000000000e+00
0.000000000000000e+00
0.000000000000000e+00
0.000000000000000e+00
3.247205606058778e+02
0.000000000000000e+00
0.000000000000000e+00
0.000000000000000e+00
0.000000000000000e+00
0.000000000000000e+00
0.000000000000000e+00
0.000000000000000e+00
0.000000000000000e+00
0.000000000000000e+00
0.000000000000000e+00
0.000000000000000e+00
0.000000000000000e+00
0.000000000000000e+00
0.000000000000000e+00
0.000000000000000e+00
0.000000000000000e+00
3.208226152746569e+02
1.503715507583374e+02
4.055988712605799e+02
1.652636111701223e+02
2.088870588385726e+02
0.000000000000000e+00
0.000000000000000e+00
0.000000000000000e+00
3.444203465626931e+02
2.119753861156979e+02
2.602794573414103e+02
2.556963867808588e+02
2.263372090173169e+02
2.682446935534151e+02
3.319909288853492e+02
3.399950453660333e+02
2.699778966346462e+02
1.894973002120086e+02
2.958431745687630e+02
2.209580374466444e+02
2.555194482404439e+02
2.173507477811758e+02
2.870524175537930e+02
2.225498942003291e+02
3.855217672679935e+02
3.231631343773272e+02
2.654447780785525e+02
2.632723671342915e+02
3.146019781299076e+02
1.562001232902127e+02
2.328399056416993e+02
2.076679789534642e+02
2.293470903475137e+02
2.209495845536908e+02
3.143122581572107e+02
4.188027698887556e+02
1.809909621135369e+02
2.535678892356812e+02
3.084776150462140e+02
1.714242123463548e+02
3.333338811735999e+02
2.378282144563076e+02
2.358545154978553e+02
2.065869679242043e+02
3.450739712656472e+02
4.018279449576549e+02
1.938909992930936e+02
2.136020226302843e+02
3.048758180705512e+02
2.150937956234629e+02
3.299431829864079e+02
2.137519976783305e+02
2.428137622353427e+02
3.042248269297814e+02
2.695010587509831e+02
4.153319935482704e+02
2.470605576593274e+02
2.017741177955756e+02
2.506806950823900e+02
2.362561893479281e+02
2.913602206603166e+02
2.121488075603579e+02
2.200048247927043e+02
3.047995576408150e+02
2.189367351491611e+02
3.236675653737378e+02
2.432089077317463e+02
2.216525865800055e+02
2.598469288146864e+02
2.248140923456867e+02
3.031613136977223e+02
2.407520876657742e+02
2.238755233224385e+02
2.426284701222794e+02
1.888514079500175e+02
3.168427022453711e+02
2.518120622244537e+02
2.199000709593596e+02
2.407987746668301e+02
1.903341850850615e+02
2.958387788905600e+02
2.828399562574205e+02
2.188005005724756e+02
2.211516435875519e+02
2.047002257465532e+02
3.351189643037995e+02
2.755968548467158e+02
2.278667747877494e+02
2.174172905706017e+02
1.757125358448411e+02
2.693363596355684e+02
2.840168603506972e+02
1.988056073648453e+02
2.263106333487163e+02
2.105273749402613e+02
3.176324905892545e+02
2.606872496016904e+02
2.243062748379197e+02
3.040904531642116e+02
2.622679900122935e+02
2.630093454272742e+02
2.829783758259321e+02
1.815598626308920e+02
2.054297323091065e+02
1.986475567916660e+02
3.438680218384184e+02
2.338152973194373e+02
2.733071605846206e+02
3.067546493430202e+02
3.120857099778994e+02
2.529162073268351e+02
2.408526357632174e+02
1.964496497648299e+02
1.682514272052953e+02
2.873118220523019e+02
4.157417005007541e+02
2.336563546719649e+02
2.799860356869267e+02
2.968429210430676e+02
3.505143911418974e+02
2.164081893907023e+02
2.439038567378669e+02
2.971695115827779e+02
2.019768416304601e+02
3.277512210757742e+02
3.261720669455585e+02
1.042825630146308e+02
0.000000000000000e+00
0.000000000000000e+00
3.174388522937969e+02
1.738798840569839e+02
3.248615067427090e+02
3.281888058993096e+02
3.503939916750268e+02
3.559882753634508e+02
3.371333605777999e+02
1.158631844919360e+02
0.000000000000000e+00
0.000000000000000e+00
0.000000000000000e+00
0.000000000000000e+00
0.000000000000000e+00
0.000000000000000e+00
0.000000000000000e+00
0.000000000000000e+00
0.000000000000000e+00
0.000000000000000e+00
0.000000000000000e+00
3.500903816646095e+02
3.295958706364159e+02
2.461927615313298e+02
2.559363483758286e+02
2.326383671345954e+02
2.354379674061926e+02
3.305452785859115e+02
2.098863473142615e+02
2.615583791838009e+02
1.686493531049511e+02
2.752962902490970e+02
1.349159263438528e+02
2.760247218327578e+02
2.393571261850801e+02
2.798841138209501e+02
2.056431508571140e+02
4.160413468365946e+02
3.841504417545092e+02
2.474983095952901e+02
2.777310993094340e+02
3.097109528942878e+02
1.503350688007737e+02
3.441592037420174e+02
1.929429043402332e+02
2.135339959489128e+02
2.453002443732506e+02
3.026398709762688e+02
3.981815899720516e+02
1.878711540575203e+02
2.737972538181885e+02
3.112644505497333e+02
2.203443865773646e+02
3.223262818904408e+02
2.084442803689953e+02
2.728496944185835e+02
2.977595618048144e+02
2.534431191529855e+02
3.494673305390407e+02
2.526433903646611e+02
2.277599787993994e+02
2.696769054922867e+02
2.328400441326084e+02
2.699357070153439e+02
2.079098591851116e+02
2.595430404240179e+02
2.838151535821887e+02
2.743351504548957e+02
3.639065281291151e+02
2.632500339935540e+02
2.650926803769211e+02
2.594691078860495e+02
2.712089118434540e+02
2.906329851272811e+02
0.000000000000000e+00
0.000000000000000e+00
0.000000000000000e+00
0.000000000000000e+00
3.428356623248131e+02
1.885178445342544e+02
2.505060383517504e+02
1.952474920433742e+02
2.582534517533763e+02
0.000000000000000e+00
0.000000000000000e+00
0.000000000000000e+00
0.000000000000000e+00
0.000000000000000e+00
0.000000000000000e+00
1.694004886439149e+02
3.054677865974263e+02
2.159985538687042e+02
0.000000000000000e+00
0.000000000000000e+00
0.000000000000000e+00
0.000000000000000e+00
0.000000000000000e+00
0.000000000000000e+00
0.000000000000000e+00
1.951032315389397e+02
3.405098711779772e+02
2.056032285439757e+02
0.000000000000000e+00
0.000000000000000e+00
0.000000000000000e+00
0.000000000000000e+00
0.000000000000000e+00
0.000000000000000e+00
0.000000000000000e+00
1.899259183699277e+02
3.434021683109767e+02
1.966522083498021e+02
0.000000000000000e+00
0.000000000000000e+00
0.000000000000000e+00
0.000000000000000e+00
0.000000000000000e+00
0.000000000000000e+00
0.000000000000000e+00
1.512911512866887e+02
3.927137215849259e+02
2.166178597940092e+02
1.688802765515068e+02
2.839764175184798e+02
0.000000000000000e+00
0.000000000000000e+00
0.000000000000000e+00
0.000000000000000e+00
2.593958306030563e+02
1.113574677575968e+02
2.331808360969598e+02
2.729516807776524e+02
2.509800901218312e+02
2.995379525518360e+02
2.686352099609820e+02
1.629435000866325e+02
2.187045012505706e+02
1.930586676073337e+02
3.210623723047617e+02
2.222328122868152e+02
2.775126924269435e+02
2.856337692370244e+02
3.055958483177206e+02
2.583331055007213e+02
2.192057234507782e+02
2.114984371715414e+02
1.745987317928758e+02
3.218385241960330e+02
4.141797873574129e+02
2.697832170189249e+02
0.000000000000000e+00
3.592968368032292e+02
3.745851602701907e+02
1.584639810392971e+02
2.288896687385666e+02
3.813408210655618e+02
1.992687497741003e+02
3.412849950676112e+02
2.964137054271561e+02
1.003633493869188e+02
0.000000000000000e+00
0.000000000000000e+00
0.000000000000000e+00
3.162198436294844e+02
1.360853928038823e+02
4.218289328818445e+02
2.081121165852500e+02
2.263209147726643e+02
0.000000000000000e+00
0.000000000000000e+00
1.501509468999791e+02
2.555881962852677e+02
1.848009268056271e+02
2.660192604907685e+02
2.319107138740551e+02
2.889163601170193e+02
2.171096533844718e+02
4.217205652936295e+02
3.481388376696935e+02
2.438051127616559e+02
2.665192698885666e+02
3.305168842573297e+02
2.287240884546039e+02
3.288583310026681e+02
1.871189859262121e+02
2.344941103451446e+02
2.522412057877315e+02
3.426094465363882e+02
3.734604184681024e+02
2.087924094368963e+02
2.707816475158439e+02
3.076734786002509e+02
2.269561214216941e+02
2.458143984574861e+02
2.004383514849338e+02
2.663923927067772e+02
3.440084715204414e+02
2.414238706071402e+02
3.759563557598288e+02
2.609878422404426e+02
2.616843178933272e+02
2.613707602093973e+02
3.260858543354779e+02
2.478470965596306e+02
0.000000000000000e+00
0.000000000000000e+00
0.000000000000000e+00
0.000000000000000e+00
3.940921014717179e+02
1.962108141270823e+02
2.499355174594712e+02
2.019547848306492e+02
2.871108515671621e+02
0.000000000000000e+00
0.000000000000000e+00
0.000000000000000e+00
0.000000000000000e+00
0.000000000000000e+00
0.000000000000000e+00
1.927457312043294e+02
4.175789226715150e+02
1.935513197965809e+02
0.000000000000000e+00
0.000000000000000e+00
0.000000000000000e+00
0.000000000000000e+00
0.000000000000000e+00
0.000000000000000e+00
0.000000000000000e+00
0.000000000000000e+00
4.779268034662654e+02
0.000000000000000e+00
0.000000000000000e+00
0.000000000000000e+00
0.000000000000000e+00
0.000000000000000e+00
0.000000000000000e+00
0.000000000000000e+00
0.000000000000000e+00
0.000000000000000e+00
4.719953164014488e+02
0.000000000000000e+00
0.000000000000000e+00
0.000000000000000e+00
0.000000000000000e+00
0.000000000000000e+00
0.000000000000000e+00
0.000000000000000e+00
0.000000000000000e+00
0.000000000000000e+00
4.139130269272715e+02
0.000000000000000e+00
0.000000000000000e+00
0.000000000000000e+00
0.000000000000000e+00
0.000000000000000e+00
0.000000000000000e+00
0.000000000000000e+00
0.000000000000000e+00
0.000000000000000e+00
4.121605864790439e+02
0.000000000000000e+00
0.000000000000000e+00
0.000000000000000e+00
0.000000000000000e+00
0.000000000000000e+00
0.000000000000000e+00
0.000000000000000e+00
0.000000000000000e+00
0.000000000000000e+00
4.319321402439040e+02
1.862662543679993e+02
0.000000000000000e+00
0.000000000000000e+00
0.000000000000000e+00
0.000000000000000e+00
0.000000000000000e+00
0.000000000000000e+00
0.000000000000000e+00
0.000000000000000e+00
4.215894641220397e+02
1.856970189064288e+02
1.606494448697219e+02
0.000000000000000e+00
0.000000000000000e+00
0.000000000000000e+00
0.000000000000000e+00
0.000000000000000e+00
2.627940026041492e+02
1.079866775314508e+02
2.495701025966098e+02
2.878612433367425e+02
2.680401831055837e+02
2.861521173754205e+02
2.656295105178585e+02
1.603045441964477e+02
2.470204201286064e+02
1.626670484373623e+02
3.416343451724415e+02
2.652426541014710e+02
3.411060240501991e+02
2.963004834747079e+02
3.076198704720819e+02
1.925438829907967e+02
2.534913069075658e+02
2.363192312870476e+02
1.807502741494830e+02
3.202766843883947e+02
3.712358777998807e+02
2.614487257724766e+02
0.000000000000000e+00
3.756629783377342e+02
3.438307669121565e+02
2.521204913880445e+02
2.364512755461953e+02
2.193751798425109e+02
2.187918034823761e+02
3.462830255545715e+02
1.651047185880428e+02
2.508036206531057e+02
2.488759116919352e+02
3.025796481923187e+02
1.258703105554465e+02
3.402020692612142e+02
1.814082818292285e+02
2.275553163128930e+02
2.529462167773960e+02
3.379542151673724e+02
3.650472339627674e+02
2.092492450047351e+02
3.075911049964685e+02
3.528905013646877e+02
3.890189386635097e+02
2.430870624699221e+02
2.097363947004615e+02
2.656397738562154e+02
3.352598026216332e+02
2.289131292860437e+02
4.404002540448161e+02
2.811530090449742e+02
2.641448688555133e+02
2.274779743219565e+02
3.604600903185937e+02
0.000000000000000e+00
0.000000000000000e+00
0.000000000000000e+00
0.000000000000000e+00
0.000000000000000e+00
4.068914167020095e+02
1.977558170036693e+02
3.901462991925589e+02
2.130524554952369e+02
0.000000000000000e+00
0.000000000000000e+00
0.000000000000000e+00
0.000000000000000e+00
0.000000000000000e+00
0.000000000000000e+00
0.000000000000000e+00
0.000000000000000e+00
4.159653363626850e+02
0.000000000000000e+00
0.000000000000000e+00
0.000000000000000e+00
0.000000000000000e+00
0.000000000000000e+00
0.000000000000000e+00
0.000000000000000e+00
0.000000000000000e+00
0.000000000000000e+00
0.000000000000000e+00
0.000000000000000e+00
0.000000000000000e+00
0.000000000000000e+00
0.000000000000000e+00
0.000000000000000e+00
0.000000000000000e+00
0.000000000000000e+00
0.000000000000000e+00
0.000000000000000e+00
0.000000000000000e+00
0.000000000000000e+00
0.000000000000000e+00
0.000000000000000e+00
0.000000000000000e+00
0.000000000000000e+00
0.000000000000000e+00
0.000000000000000e+00
0.000000000000000e+00
0.000000000000000e+00
0.000000000000000e+00
0.000000000000000e+00
0.000000000000000e+00
0.000000000000000e+00
0.000000000000000e+00
0.000000000000000e+00
0.000000000000000e+00
0.000000000000000e+00
0.000000000000000e+00
0.000000000000000e+00
0.000000000000000e+00
0.000000000000000e+00
0.000000000000000e+00
0.000000000000000e+00
0.000000000000000e+00
0.000000000000000e+00
0.000000000000000e+00
0.000000000000000e+00
0.000000000000000e+00
0.000000000000000e+00
0.000000000000000e+00
0.000000000000000e+00
0.000000000000000e+00
0.000000000000000e+00
0.000000000000000e+00
0.000000000000000e+00
0.000000000000000e+00
0.000000000000000e+00
0.000000000000000e+00
0.000000000000000e+00
0.000000000000000e+00
0.000000000000000e+00
0.000000000000000e+00
0.000000000000000e+00
0.000000000000000e+00
0.000000000000000e+00
0.000000000000000e+00
0.000000000000000e+00
0.000000000000000e+00
0.000000000000000e+00
4.422128531572931e+02
0.000000000000000e+00
0.000000000000000e+00
0.000000000000000e+00
0.000000000000000e+00
0.000000000000000e+00
0.000000000000000e+00
0.000000000000000e+00
0.000000000000000e+00
0.000000000000000e+00
4.210028390252214e+02
2.002729199635233e+02
1.555510084453675e+02
0.000000000000000e+00
0.000000000000000e+00
0.000000000000000e+00
0.000000000000000e+00
0.000000000000000e+00
2.751828742145287e+02
1.072877369397032e+02
2.848437352700882e+02
2.775939642316778e+02
2.604604846748115e+02
2.434172214099093e+02
2.291016236240147e+02
1.869081761317564e+02
2.505298613608946e+02
3.083582747795049e+02
3.161847800105793e+02
2.481572911842260e+02
1.617084723472246e+02
2.434855910238855e+02
1.521769224942511e+02
2.289268042126533e+02
2.426473162817922e+02
2.709179518589099e+02
2.741353599113687e+02
4.436945595887942e+02
3.438080729178384e+02
2.149748647187180e+02
3.293497575152231e+02
3.963833339877537e+02
2.677625808461266e+02
2.458883110550539e+02
1.676728992163729e+02
2.534731008599702e+02
3.489004388282150e+02
2.134592365076149e+02
3.328431485131538e+02
2.913755269762453e+02
2.553283757216093e+02
2.527774484833545e+02
0.000000000000000e+00
0.000000000000000e+00
0.000000000000000e+00
0.000000000000000e+00
0.000000000000000e+00
0.000000000000000e+00
0.000000000000000e+00
2.272420734909090e+02
3.297401264940385e+02
0.000000000000000e+00
0.000000000000000e+00
0.000000000000000e+00
0.000000000000000e+00
0.000000000000000e+00
0.000000000000000e+00
0.000000000000000e+00
0.000000000000000e+00
0.000000000000000e+00
0.000000000000000e+00
0.000000000000000e+00
0.000000000000000e+00
0.000000000000000e+00
0.000000000000000e+00
0.000000000000000e+00
0.000000000000000e+00
0.000000000000000e+00
0.000000000000000e+00
0.000000000000000e+00
0.000000000000000e+00
0.000000000000000e+00
0.000000000000000e+00
0.000000000000000e+00
0.000000000000000e+00
0.000000000000000e+00
0.000000000000000e+00
0.000000000000000e+00
0.000000000000000e+00
0.000000000000000e+00
0.000000000000000e+00
0.000000000000000e+00
0.000000000000000e+00
0.000000000000000e+00
0.000000000000000e+00
0.000000000000000e+00
0.000000000000000e+00
0.000000000000000e+00
0.000000000000000e+00
0.000000000000000e+00
0.000000000000000e+00
0.000000000000000e+00
0.000000000000000e+00
0.000000000000000e+00
0.000000000000000e+00
0.000000000000000e+00
0.000000000000000e+00
0.000000000000000e+00
0.000000000000000e+00
0.000000000000000e+00
0.000000000000000e+00
0.000000000000000e+00
0.000000000000000e+00
0.000000000000000e+00
0.000000000000000e+00
0.000000000000000e+00
0.000000000000000e+00
0.000000000000000e+00
0.000000000000000e+00
0.000000000000000e+00
0.000000000000000e+00
0.000000000000000e+00
0.000000000000000e+00
0.000000000000000e+00
0.000000000000000e+00
0.000000000000000e+00
0.000000000000000e+00
0.000000000000000e+00
0.000000000000000e+00
0.000000000000000e+00
0.000000000000000e+00
0.000000000000000e+00
0.000000000000000e+00
0.000000000000000e+00
0.000000000000000e+00
0.000000000000000e+00
0.000000000000000e+00
0.000000000000000e+00
0.000000000000000e+00
0.000000000000000e+00
0.000000000000000e+00
0.000000000000000e+00
0.000000000000000e+00
0.000000000000000e+00
0.000000000000000e+00
0.000000000000000e+00
0.000000000000000e+00
0.000000000000000e+00
0.000000000000000e+00
0.000000000000000e+00
0.000000000000000e+00
0.000000000000000e+00
0.000000000000000e+00
0.000000000000000e+00
0.000000000000000e+00
0.000000000000000e+00
0.000000000000000e+00
0.000000000000000e+00
0.000000000000000e+00
0.000000000000000e+00
4.386334079544570e+02
0.000000000000000e+00
0.000000000000000e+00
0.000000000000000e+00
0.000000000000000e+00
0.000000000000000e+00
0.000000000000000e+00
0.000000000000000e+00
0.000000000000000e+00
0.000000000000000e+00
2.684298956272766e+02
2.963303500285802e+02
1.702565589185986e+02
2.482364137389138e+02
2.869196759744480e+02
1.490171146608662e+02
0.000000000000000e+00
1.655853906657602e+02
2.635725219656524e+02
9.296193827480312e+01
2.688657245037974e+02
2.897959318876055e+02
1.033113254670009e+02
3.273538925156194e+02
1.821856699733723e+02
2.244130378977299e+02
2.440552398532840e+02
2.611605065685843e+02
3.107934234895468e+02
2.099320160047522e+02
2.338086904798530e+02
2.501332513390732e+02
4.309526396945996e+02
0.000000000000000e+00
0.000000000000000e+00
0.000000000000000e+00
0.000000000000000e+00
0.000000000000000e+00
3.962360194961482e+02
1.968617511074607e+02
3.659322998725056e+02
0.000000000000000e+00
0.000000000000000e+00
0.000000000000000e+00
0.000000000000000e+00
0.000000000000000e+00
0.000000000000000e+00
0.000000000000000e+00
0.000000000000000e+00
0.000000000000000e+00
0.000000000000000e+00
0.000000000000000e+00
0.000000000000000e+00
0.000000000000000e+00
0.000000000000000e+00
0.000000000000000e+00
0.000000000000000e+00
0.000000000000000e+00
0.000000000000000e+00
0.000000000000000e+00
0.000000000000000e+00
0.000000000000000e+00
0.000000000000000e+00
0.000000000000000e+00
0.000000000000000e+00
0.000000000000000e+00
0.000000000000000e+00
0.000000000000000e+00
0.000000000000000e+00
0.000000000000000e+00
0.000000000000000e+00
0.000000000000000e+00
0.000000000000000e+00
0.000000000000000e+00
0.000000000000000e+00
0.000000000000000e+00
0.000000000000000e+00
0.000000000000000e+00
0.000000000000000e+00
0.000000000000000e+00
0.000000000000000e+00
0.000000000000000e+00
0.000000000000000e+00
0.000000000000000e+00
0.000000000000000e+00
0.000000000000000e+00
0.000000000000000e+00
0.000000000000000e+00
0.000000000000000e+00
0.000000000000000e+00
0.000000000000000e+00
0.000000000000000e+00
0.000000000000000e+00
0.000000000000000e+00
0.000000000000000e+00
0.000000000000000e+00
0.000000000000000e+00
0.000000000000000e+00
0.000000000000000e+00
0.000000000000000e+00
0.000000000000000e+00
0.000000000000000e+00
0.000000000000000e+00
0.000000000000000e+00
0.000000000000000e+00
0.000000000000000e+00
0.000000000000000e+00
0.000000000000000e+00
0.000000000000000e+00
0.000000000000000e+00
0.000000000000000e+00
0.000000000000000e+00
0.000000000000000e+00
0.000000000000000e+00
0.000000000000000e+00
0.000000000000000e+00
0.000000000000000e+00
0.000000000000000e+00
0.000000000000000e+00
0.000000000000000e+00
0.000000000000000e+00
0.000000000000000e+00
0.000000000000000e+00
0.000000000000000e+00
0.000000000000000e+00
0.000000000000000e+00
0.000000000000000e+00
0.000000000000000e+00
0.000000000000000e+00
0.000000000000000e+00
0.000000000000000e+00
0.000000000000000e+00
0.000000000000000e+00
0.000000000000000e+00
0.000000000000000e+00
0.000000000000000e+00
0.000000000000000e+00
0.000000000000000e+00
0.000000000000000e+00
0.000000000000000e+00
0.000000000000000e+00
0.000000000000000e+00
0.000000000000000e+00
0.000000000000000e+00
0.000000000000000e+00
0.000000000000000e+00
0.000000000000000e+00
0.000000000000000e+00
0.000000000000000e+00
0.000000000000000e+00
0.000000000000000e+00
0.000000000000000e+00
0.000000000000000e+00
0.000000000000000e+00
0.000000000000000e+00
0.000000000000000e+00
0.000000000000000e+00
0.000000000000000e+00
0.000000000000000e+00
0.000000000000000e+00
4.460146943402943e+02
2.128838130969407e+02
0.000000000000000e+00
0.000000000000000e+00
0.000000000000000e+00
0.000000000000000e+00
0.000000000000000e+00
0.000000000000000e+00
0.000000000000000e+00
0.000000000000000e+00
3.403277583629675e+02
3.524084195270553e+02
2.619964647758901e+02
2.327887144987399e+02
1.450447990046341e+02
2.165623454694837e+02
3.419329553900275e+02
2.083735417579114e+02
2.817760979062351e+02
2.232072644584170e+02
3.564756870301965e+02
0.000000000000000e+00
0.000000000000000e+00
0.000000000000000e+00
0.000000000000000e+00
0.000000000000000e+00
0.000000000000000e+00
0.000000000000000e+00
0.000000000000000e+00
0.000000000000000e+00
0.000000000000000e+00
0.000000000000000e+00
0.000000000000000e+00
0.000000000000000e+00
0.000000000000000e+00
0.000000000000000e+00
0.000000000000000e+00
0.000000000000000e+00
0.000000000000000e+00
0.000000000000000e+00
0.000000000000000e+00
0.000000000000000e+00
0.000000000000000e+00
0.000000000000000e+00
0.000000000000000e+00
0.000000000000000e+00
0.000000000000000e+00
0.000000000000000e+00
0.000000000000000e+00
0.000000000000000e+00
0.000000000000000e+00
0.000000000000000e+00
0.000000000000000e+00
0.000000000000000e+00
0.000000000000000e+00
0.000000000000000e+00
0.000000000000000e+00
0.000000000000000e+00
0.000000000000000e+00
0.000000000000000e+00
0.000000000000000e+00
0.000000000000000e+00
0.000000000000000e+00
0.000000000000000e+00
0.000000000000000e+00
0.000000000000000e+00
0.000000000000000e+00
0.000000000000000e+00
0.000000000000000e+00
0.000000000000000e+00
0.000000000000000e+00
0.000000000000000e+00
0.000000000000000e+00
0.000000000000000e+00
0.000000000000000e+00
0.000000000000000e+00
0.000000000000000e+00
0.000000000000000e+00
0.000000000000000e+00
0.000000000000000e+00
0.000000000000000e+00
0.000000000000000e+00
0.000000000000000e+00
0.000000000000000e+00
0.000000000000000e+00
0.000000000000000e+00
0.000000000000000e+00
0.000000000000000e+00
0.000000000000000e+00
0.000000000000000e+00
0.000000000000000e+00
0.000000000000000e+00
0.000000000000000e+00
0.000000000000000e+00
0.000000000000000e+00
0.000000000000000e+00
0.000000000000000e+00
0.000000000000000e+00
0.000000000000000e+00
0.000000000000000e+00
0.000000000000000e+00
0.000000000000000e+00
0.000000000000000e+00
0.000000000000000e+00
0.000000000000000e+00
0.000000000000000e+00
0.000000000000000e+00
0.000000000000000e+00
0.000000000000000e+00
0.000000000000000e+00
0.000000000000000e+00
0.000000000000000e+00
0.000000000000000e+00
0.000000000000000e+00
0.000000000000000e+00
0.000000000000000e+00
0.000000000000000e+00
0.000000000000000e+00
0.000000000000000e+00
0.000000000000000e+00
0.000000000000000e+00
0.000000000000000e+00
0.000000000000000e+00
0.000000000000000e+00
0.000000000000000e+00
0.000000000000000e+00
0.000000000000000e+00
0.000000000000000e+00
0.000000000000000e+00
0.000000000000000e+00
0.000000000000000e+00
0.000000000000000e+00
0.000000000000000e+00
0.000000000000000e+00
0.000000000000000e+00
0.000000000000000e+00
0.000000000000000e+00
0.000000000000000e+00
0.000000000000000e+00
0.000000000000000e+00
0.000000000000000e+00
0.000000000000000e+00
0.000000000000000e+00
0.000000000000000e+00
0.000000000000000e+00
0.000000000000000e+00
0.000000000000000e+00
0.000000000000000e+00
0.000000000000000e+00
0.000000000000000e+00
4.072907860541397e+02
0.000000000000000e+00
0.000000000000000e+00
0.000000000000000e+00
0.000000000000000e+00
0.000000000000000e+00
0.000000000000000e+00
0.000000000000000e+00
0.000000000000000e+00
0.000000000000000e+00
2.505646863460849e+02
2.144428962738853e+02
4.934546227034739e+02
0.000000000000000e+00
0.000000000000000e+00
0.000000000000000e+00
0.000000000000000e+00
0.000000000000000e+00
3.359842811609424e+02
1.408506333515660e+02
0.000000000000000e+00
0.000000000000000e+00
0.000000000000000e+00
0.000000000000000e+00
0.000000000000000e+00
0.000000000000000e+00
0.000000000000000e+00
0.000000000000000e+00
0.000000000000000e+00
0.000000000000000e+00
0.000000000000000e+00
0.000000000000000e+00
0.000000000000000e+00
0.000000000000000e+00
0.000000000000000e+00
0.000000000000000e+00
0.000000000000000e+00
0.000000000000000e+00
0.000000000000000e+00
0.000000000000000e+00
0.000000000000000e+00
0.000000000000000e+00
0.000000000000000e+00
0.000000000000000e+00
0.000000000000000e+00
0.000000000000000e+00
0.000000000000000e+00
0.000000000000000e+00
0.000000000000000e+00
0.000000000000000e+00
0.000000000000000e+00
0.000000000000000e+00
0.000000000000000e+00
0.000000000000000e+00
0.000000000000000e+00
0.000000000000000e+00
0.000000000000000e+00
0.000000000000000e+00
0.000000000000000e+00
0.000000000000000e+00
0.000000000000000e+00
0.000000000000000e+00
0.000000000000000e+00
0.000000000000000e+00
0.000000000000000e+00
0.000000000000000e+00
0.000000000000000e+00
0.000000000000000e+00
0.000000000000000e+00
0.000000000000000e+00
0.000000000000000e+00
0.000000000000000e+00
0.000000000000000e+00
0.000000000000000e+00
0.000000000000000e+00
0.000000000000000e+00
0.000000000000000e+00
0.000000000000000e+00
0.000000000000000e+00
0.000000000000000e+00
0.000000000000000e+00
0.000000000000000e+00
0.000000000000000e+00
0.000000000000000e+00
0.000000000000000e+00
0.000000000000000e+00
0.000000000000000e+00
0.000000000000000e+00
0.000000000000000e+00
0.000000000000000e+00
0.000000000000000e+00
0.000000000000000e+00
0.000000000000000e+00
0.000000000000000e+00
0.000000000000000e+00
0.000000000000000e+00
0.000000000000000e+00
0.000000000000000e+00
0.000000000000000e+00
0.000000000000000e+00
0.000000000000000e+00
0.000000000000000e+00
0.000000000000000e+00
0.000000000000000e+00
0.000000000000000e+00
0.000000000000000e+00
0.000000000000000e+00
0.000000000000000e+00
0.000000000000000e+00
0.000000000000000e+00
0.000000000000000e+00
0.000000000000000e+00
0.000000000000000e+00
0.000000000000000e+00
0.000000000000000e+00
0.000000000000000e+00
0.000000000000000e+00
0.000000000000000e+00
0.000000000000000e+00
0.000000000000000e+00
0.000000000000000e+00
0.000000000000000e+00
0.000000000000000e+00
0.000000000000000e+00
0.000000000000000e+00
0.000000000000000e+00
0.000000000000000e+00
0.000000000000000e+00
0.000000000000000e+00
0.000000000000000e+00
0.000000000000000e+00
0.000000000000000e+00
0.000000000000000e+00
0.000000000000000e+00
0.000000000000000e+00
0.000000000000000e+00
0.000000000000000e+00
0.000000000000000e+00
0.000000000000000e+00
0.000000000000000e+00
0.000000000000000e+00
0.000000000000000e+00
0.000000000000000e+00
0.000000000000000e+00
0.000000000000000e+00
0.000000000000000e+00
0.000000000000000e+00
0.000000000000000e+00
0.000000000000000e+00
0.000000000000000e+00
0.000000000000000e+00
0.000000000000000e+00
0.000000000000000e+00
0.000000000000000e+00
0.000000000000000e+00
0.000000000000000e+00
0.000000000000000e+00
0.000000000000000e+00
0.000000000000000e+00
0.000000000000000e+00
3.319253443468579e+02
0.000000000000000e+00
0.000000000000000e+00
0.000000000000000e+00
0.000000000000000e+00
0.000000000000000e+00
0.000000000000000e+00
0.000000000000000e+00
0.000000000000000e+00
0.000000000000000e+00
0.000000000000000e+00
0.000000000000000e+00
0.000000000000000e+00
0.000000000000000e+00
0.000000000000000e+00
0.000000000000000e+00
0.000000000000000e+00
0.000000000000000e+00
0.000000000000000e+00
0.000000000000000e+00
0.000000000000000e+00
0.000000000000000e+00
0.000000000000000e+00
0.000000000000000e+00
0.000000000000000e+00
0.000000000000000e+00
0.000000000000000e+00
0.000000000000000e+00
0.000000000000000e+00
0.000000000000000e+00
0.000000000000000e+00
0.000000000000000e+00
0.000000000000000e+00
0.000000000000000e+00
0.000000000000000e+00
0.000000000000000e+00
0.000000000000000e+00
0.000000000000000e+00
0.000000000000000e+00
0.000000000000000e+00
0.000000000000000e+00
0.000000000000000e+00
0.000000000000000e+00
0.000000000000000e+00
0.000000000000000e+00
0.000000000000000e+00
0.000000000000000e+00
0.000000000000000e+00
0.000000000000000e+00
0.000000000000000e+00
0.000000000000000e+00
0.000000000000000e+00
0.000000000000000e+00
0.000000000000000e+00
0.000000000000000e+00
0.000000000000000e+00
0.000000000000000e+00
0.000000000000000e+00
0.000000000000000e+00
0.000000000000000e+00
0.000000000000000e+00
0.000000000000000e+00
0.000000000000000e+00
0.000000000000000e+00
0.000000000000000e+00
0.000000000000000e+00
0.000000000000000e+00
0.000000000000000e+00
0.000000000000000e+00
0.000000000000000e+00
0.000000000000000e+00
0.000000000000000e+00
0.000000000000000e+00
0.000000000000000e+00
0.000000000000000e+00
0.000000000000000e+00
0.000000000000000e+00
0.000000000000000e+00
0.000000000000000e+00
0.000000000000000e+00
0.000000000000000e+00
0.000000000000000e+00
0.000000000000000e+00
0.000000000000000e+00
0.000000000000000e+00
0.000000000000000e+00
0.000000000000000e+00
0.000000000000000e+00
0.000000000000000e+00
0.000000000000000e+00
0.000000000000000e+00
0.000000000000000e+00
0.000000000000000e+00
0.000000000000000e+00
0.000000000000000e+00
0.000000000000000e+00
0.000000000000000e+00
0.000000000000000e+00
0.000000000000000e+00
0.000000000000000e+00
0.000000000000000e+00
0.000000000000000e+00
0.000000000000000e+00
0.000000000000000e+00
0.000000000000000e+00
0.000000000000000e+00
0.000000000000000e+00
0.000000000000000e+00
0.000000000000000e+00
0.000000000000000e+00
0.000000000000000e+00
0.000000000000000e+00
0.000000000000000e+00
0.000000000000000e+00
0.000000000000000e+00
0.000000000000000e+00
0.000000000000000e+00
0.000000000000000e+00
0.000000000000000e+00
0.000000000000000e+00
0.000000000000000e+00
0.000000000000000e+00
0.000000000000000e+00
0.000000000000000e+00
0.000000000000000e+00
0.000000000000000e+00
0.000000000000000e+00
0.000000000000000e+00
0.000000000000000e+00
0.000000000000000e+00
0.000000000000000e+00
0.000000000000000e+00
0.000000000000000e+00
0.000000000000000e+00
0.000000000000000e+00
0.000000000000000e+00
0.000000000000000e+00
0.000000000000000e+00
0.000000000000000e+00
0.000000000000000e+00
0.000000000000000e+00
0.000000000000000e+00
0.000000000000000e+00
0.000000000000000e+00
0.000000000000000e+00
0.000000000000000e+00
0.000000000000000e+00
0.000000000000000e+00
0.000000000000000e+00
0.000000000000000e+00
/
