PERMY
0.000000000000000e+00
0.000000000000000e+00
0.000000000000000e+00
0.000000000000000e+00
0.000000000000000e+00
0.000000000000000e+00
0.000000000000000e+00
0.000000000000000e+00
0.000000000000000e+00
0.000000000000000e+00
0.000000000000000e+00
0.000000000000000e+00
0.000000000000000e+00
0.000000000000000e+00
0.000000000000000e+00
0.000000000000000e+00
0.000000000000000e+00
0.000000000000000e+00
0.000000000000000e+00
0.000000000000000e+00
0.000000000000000e+00
0.000000000000000e+00
0.000000000000000e+00
0.000000000000000e+00
0.000000000000000e+00
0.000000000000000e+00
0.000000000000000e+00
0.000000000000000e+00
0.000000000000000e+00
0.000000000000000e+00
0.000000000000000e+00
0.000000000000000e+00
0.000000000000000e+00
0.000000000000000e+00
0.000000000000000e+00
0.000000000000000e+00
0.000000000000000e+00
0.000000000000000e+00
0.000000000000000e+00
0.000000000000000e+00
0.000000000000000e+00
0.000000000000000e+00
0.000000000000000e+00
0.000000000000000e+00
0.000000000000000e+00
0.000000000000000e+00
0.000000000000000e+00
0.000000000000000e+00
0.000000000000000e+00
0.000000000000000e+00
0.000000000000000e+00
0.000000000000000e+00
0.000000000000000e+00
0.000000000000000e+00
0.000000000000000e+00
0.000000000000000e+00
0.000000000000000e+00
0.000000000000000e+00
0.000000000000000e+00
0.000000000000000e+00
0.000000000000000e+00
0.000000000000000e+00
0.000000000000000e+00
0.000000000000000e+00
0.000000000000000e+00
0.000000000000000e+00
0.000000000000000e+00
0.000000000000000e+00
0.000000000000000e+00
0.000000000000000e+00
0.000000000000000e+00
0.000000000000000e+00
0.000000000000000e+00
0.000000000000000e+00
0.000000000000000e+00
0.000000000000000e+00
0.000000000000000e+00
0.000000000000000e+00
0.000000000000000e+00
0.000000000000000e+00
0.000000000000000e+00
0.000000000000000e+00
0.000000000000000e+00
0.000000000000000e+00
0.000000000000000e+00
0.000000000000000e+00
0.000000000000000e+00
0.000000000000000e+00
0.000000000000000e+00
0.000000000000000e+00
0.000000000000000e+00
0.000000000000000e+00
0.000000000000000e+00
0.000000000000000e+00
0.000000000000000e+00
0.000000000000000e+00
0.000000000000000e+00
0.000000000000000e+00
0.000000000000000e+00
0.000000000000000e+00
0.000000000000000e+00
0.000000000000000e+00
0.000000000000000e+00
0.000000000000000e+00
0.000000000000000e+00
0.000000000000000e+00
0.000000000000000e+00
0.000000000000000e+00
0.000000000000000e+00
0.000000000000000e+00
0.000000000000000e+00
0.000000000000000e+00
0.000000000000000e+00
0.000000000000000e+00
0.000000000000000e+00
0.000000000000000e+00
0.000000000000000e+00
0.000000000000000e+00
0.000000000000000e+00
0.000000000000000e+00
0.000000000000000e+00
0.000000000000000e+00
0.000000000000000e+00
0.000000000000000e+00
0.000000000000000e+00
0.000000000000000e+00
0.000000000000000e+00
0.000000000000000e+00
0.000000000000000e+00
0.000000000000000e+00
0.000000000000000e+00
0.000000000000000e+00
0.000000000000000e+00
0.000000000000000e+00
0.000000000000000e+00
0.000000000000000e+00
0.000000000000000e+00
0.000000000000000e+00
0.000000000000000e+00
0.000000000000000e+00
0.000000000000000e+00
0.000000000000000e+00
0.000000000000000e+00
0.000000000000000e+00
0.000000000000000e+00
0.000000000000000e+00
0.000000000000000e+00
0.000000000000000e+00
0.000000000000000e+00
0.000000000000000e+00
0.000000000000000e+00
0.000000000000000e+00
0.000000000000000e+00
0.000000000000000e+00
0.000000000000000e+00
0.000000000000000e+00
0.000000000000000e+00
0.000000000000000e+00
0.000000000000000e+00
0.000000000000000e+00
0.000000000000000e+00
0.000000000000000e+00
0.000000000000000e+00
0.000000000000000e+00
0.000000000000000e+00
0.000000000000000e+00
0.000000000000000e+00
0.000000000000000e+00
0.000000000000000e+00
0.000000000000000e+00
0.000000000000000e+00
0.000000000000000e+00
0.000000000000000e+00
0.000000000000000e+00
0.000000000000000e+00
0.000000000000000e+00
0.000000000000000e+00
0.000000000000000e+00
0.000000000000000e+00
0.000000000000000e+00
0.000000000000000e+00
0.000000000000000e+00
0.000000000000000e+00
0.000000000000000e+00
0.000000000000000e+00
0.000000000000000e+00
0.000000000000000e+00
0.000000000000000e+00
0.000000000000000e+00
0.000000000000000e+00
0.000000000000000e+00
0.000000000000000e+00
0.000000000000000e+00
0.000000000000000e+00
0.000000000000000e+00
0.000000000000000e+00
0.000000000000000e+00
0.000000000000000e+00
0.000000000000000e+00
0.000000000000000e+00
0.000000000000000e+00
0.000000000000000e+00
0.000000000000000e+00
0.000000000000000e+00
0.000000000000000e+00
0.000000000000000e+00
0.000000000000000e+00
0.000000000000000e+00
0.000000000000000e+00
0.000000000000000e+00
0.000000000000000e+00
0.000000000000000e+00
0.000000000000000e+00
0.000000000000000e+00
2.772025266206232e+02
3.952921385598706e+02
2.007074205143469e+02
2.780993827899069e+02
0.000000000000000e+00
0.000000000000000e+00
0.000000000000000e+00
0.000000000000000e+00
0.000000000000000e+00
2.851441904252750e+02
3.046625626393586e+02
3.410390155579988e+02
2.211514846449159e+02
2.935212142503979e+02
2.911298484196113e+02
0.000000000000000e+00
0.000000000000000e+00
0.000000000000000e+00
3.050657849193492e+02
2.964553384744661e+02
3.220219095278163e+02
3.347812603974580e+02
2.426582758502425e+02
2.911988895480575e+02
3.586381977338223e+02
0.000000000000000e+00
0.000000000000000e+00
0.000000000000000e+00
2.941602301992348e+02
2.690372519562302e+02
3.267116837247632e+02
3.185800496136562e+02
2.554607780794544e+02
3.099760376610085e+02
3.803305385184603e+02
0.000000000000000e+00
0.000000000000000e+00
0.000000000000000e+00
2.940161535197769e+02
2.469128848024150e+02
3.425565300682832e+02
3.379323262005315e+02
2.741646958573474e+02
3.176518225334406e+02
3.457361364407347e+02
0.000000000000000e+00
0.000000000000000e+00
0.000000000000000e+00
0.000000000000000e+00
0.000000000000000e+00
3.301548505363862e+02
3.568611339833695e+02
2.841250059699677e+02
3.363462877316590e+02
0.000000000000000e+00
0.000000000000000e+00
0.000000000000000e+00
0.000000000000000e+00
0.000000000000000e+00
0.000000000000000e+00
0.000000000000000e+00
0.000000000000000e+00
0.000000000000000e+00
0.000000000000000e+00
0.000000000000000e+00
0.000000000000000e+00
0.000000000000000e+00
0.000000000000000e+00
0.000000000000000e+00
0.000000000000000e+00
0.000000000000000e+00
0.000000000000000e+00
0.000000000000000e+00
0.000000000000000e+00
0.000000000000000e+00
0.000000000000000e+00
0.000000000000000e+00
0.000000000000000e+00
0.000000000000000e+00
0.000000000000000e+00
0.000000000000000e+00
0.000000000000000e+00
0.000000000000000e+00
0.000000000000000e+00
0.000000000000000e+00
0.000000000000000e+00
0.000000000000000e+00
0.000000000000000e+00
0.000000000000000e+00
0.000000000000000e+00
0.000000000000000e+00
0.000000000000000e+00
0.000000000000000e+00
0.000000000000000e+00
0.000000000000000e+00
0.000000000000000e+00
0.000000000000000e+00
0.000000000000000e+00
0.000000000000000e+00
0.000000000000000e+00
0.000000000000000e+00
0.000000000000000e+00
0.000000000000000e+00
0.000000000000000e+00
0.000000000000000e+00
0.000000000000000e+00
0.000000000000000e+00
0.000000000000000e+00
0.000000000000000e+00
0.000000000000000e+00
0.000000000000000e+00
0.000000000000000e+00
0.000000000000000e+00
0.000000000000000e+00
0.000000000000000e+00
0.000000000000000e+00
0.000000000000000e+00
0.000000000000000e+00
0.000000000000000e+00
0.000000000000000e+00
0.000000000000000e+00
0.000000000000000e+00
0.000000000000000e+00
0.000000000000000e+00
0.000000000000000e+00
0.000000000000000e+00
0.000000000000000e+00
0.000000000000000e+00
0.000000000000000e+00
0.000000000000000e+00
2.335672670103220e+02
3.750769056590849e+02
1.771326174396808e+02
2.418098287572845e+02
0.000000000000000e+00
0.000000000000000e+00
0.000000000000000e+00
0.000000000000000e+00
0.000000000000000e+00
2.904239373343976e+02
2.386114659065990e+02
4.000878281038226e+02
1.871207503661892e+02
2.552553011604444e+02
2.572407298228538e+02
0.000000000000000e+00
0.000000000000000e+00
0.000000000000000e+00
3.515376549220468e+02
2.981307379992065e+02
2.126803703823361e+02
2.702946015164251e+02
3.214869638120276e+02
2.621344078402591e+02
2.588856565380988e+02
2.763433452085308e+02
0.000000000000000e+00
3.790174202567323e+02
3.406662501528330e+02
2.441189030094671e+02
2.235613368799766e+02
2.854580630321034e+02
3.578087785489927e+02
2.876511641879333e+02
3.988211785032250e+02
2.350593419954664e+02
0.000000000000000e+00
3.322386351804537e+02
3.213229678581866e+02
2.352732983200625e+02
2.253181348565613e+02
3.116008971248261e+02
3.504233989624213e+02
2.712918886376936e+02
3.588794538992491e+02
2.274197929565466e+02
0.000000000000000e+00
3.457391279645728e+02
3.548641274880536e+02
2.229020148662411e+02
2.167641332158271e+02
3.316242070317069e+02
3.522580789823873e+02
2.635439253358658e+02
3.405726657546368e+02
2.351023899619561e+02
0.000000000000000e+00
3.564296263887927e+02
3.438655524487710e+02
1.921282694164081e+02
2.047195883247020e+02
3.581118353940570e+02
3.722556405167547e+02
2.864035457252184e+02
3.398506653284156e+02
2.139999569139449e+02
0.000000000000000e+00
0.000000000000000e+00
3.172649790798171e+02
2.285241808955001e+02
2.053071749533597e+02
3.679215256478361e+02
3.577886148385199e+02
2.998715079526747e+02
3.317710957943968e+02
2.050737276410968e+02
0.000000000000000e+00
0.000000000000000e+00
0.000000000000000e+00
2.234421902236854e+02
3.097519454499907e+02
3.568401125089342e+02
2.913811187110629e+02
3.315114763290761e+02
0.000000000000000e+00
0.000000000000000e+00
0.000000000000000e+00
0.000000000000000e+00
0.000000000000000e+00
0.000000000000000e+00
0.000000000000000e+00
0.000000000000000e+00
0.000000000000000e+00
0.000000000000000e+00
0.000000000000000e+00
0.000000000000000e+00
0.000000000000000e+00
0.000000000000000e+00
0.000000000000000e+00
0.000000000000000e+00
0.000000000000000e+00
0.000000000000000e+00
0.000000000000000e+00
0.000000000000000e+00
0.000000000000000e+00
0.000000000000000e+00
0.000000000000000e+00
0.000000000000000e+00
0.000000000000000e+00
0.000000000000000e+00
0.000000000000000e+00
0.000000000000000e+00
0.000000000000000e+00
0.000000000000000e+00
0.000000000000000e+00
0.000000000000000e+00
0.000000000000000e+00
0.000000000000000e+00
0.000000000000000e+00
0.000000000000000e+00
0.000000000000000e+00
0.000000000000000e+00
0.000000000000000e+00
0.000000000000000e+00
0.000000000000000e+00
0.000000000000000e+00
0.000000000000000e+00
0.000000000000000e+00
0.000000000000000e+00
0.000000000000000e+00
0.000000000000000e+00
0.000000000000000e+00
0.000000000000000e+00
0.000000000000000e+00
0.000000000000000e+00
0.000000000000000e+00
0.000000000000000e+00
0.000000000000000e+00
0.000000000000000e+00
3.010521339078916e+02
2.094487813016962e+02
3.722909679936325e+02
1.963660094335183e+02
2.615591346359179e+02
0.000000000000000e+00
0.000000000000000e+00
0.000000000000000e+00
0.000000000000000e+00
3.026488642660047e+02
2.949211891955351e+02
2.308913413568523e+02
2.593308607598792e+02
2.754507231747685e+02
2.987213704379021e+02
2.775085572055769e+02
3.008590796460715e+02
0.000000000000000e+00
3.471243892362556e+02
3.461122366282644e+02
2.628504686121838e+02
2.318639419207088e+02
2.649530816031992e+02
2.769695842393828e+02
2.896140656226127e+02
4.122511906130867e+02
3.161793843907748e+02
2.626468880054907e+02
3.782310610559211e+02
2.532411157050047e+02
2.523531454355609e+02
1.936925178641163e+02
3.288444059688065e+02
2.477209088696017e+02
3.275783024538283e+02
4.237585104110959e+02
2.307283063538281e+02
2.960005818866310e+02
3.197020174595970e+02
2.838713650224943e+02
2.555706087983341e+02
1.925392742489123e+02
3.358856759723590e+02
2.277611207815290e+02
2.998370578166101e+02
4.428608598499894e+02
1.965304571993541e+02
3.104825373554468e+02
3.298452349863032e+02
2.702597156517240e+02
2.500147842726135e+02
2.206783657795683e+02
3.466977624571018e+02
2.024254499524398e+02
3.032992692848515e+02
4.651109931646805e+02
1.707423773249961e+02
2.969479104806812e+02
3.124185223006689e+02
3.006499135226131e+02
2.439212529963694e+02
2.335266563618697e+02
3.625521574147805e+02
1.898070313748993e+02
3.072652541275057e+02
4.765199958851446e+02
1.751065151810143e+02
3.252027786014420e+02
3.322951376110153e+02
2.944606879807293e+02
2.251975321519752e+02
2.347822373239563e+02
3.345417147102154e+02
1.955400720925431e+02
2.910072297588785e+02
4.467776504979358e+02
1.794838962047847e+02
3.153942112800379e+02
3.849867682402495e+02
3.575401982212122e+02
1.905811009467538e+02
2.436329509760558e+02
3.378477486921560e+02
1.988775881811603e+02
3.117652508482521e+02
3.477133095681936e+02
1.588529886650196e+02
0.000000000000000e+00
4.059985515003810e+02
3.551515425191899e+02
1.816303197700008e+02
1.979427371024572e+02
3.824979974252334e+02
3.646110638575143e+02
2.932244149121229e+02
3.155111379182935e+02
1.736707967143790e+02
0.000000000000000e+00
0.000000000000000e+00
0.000000000000000e+00
1.994668861014192e+02
2.868462871720757e+02
3.286094594124586e+02
2.947204265534041e+02
3.365285396138015e+02
0.000000000000000e+00
0.000000000000000e+00
0.000000000000000e+00
0.000000000000000e+00
0.000000000000000e+00
0.000000000000000e+00
0.000000000000000e+00
0.000000000000000e+00
0.000000000000000e+00
0.000000000000000e+00
0.000000000000000e+00
0.000000000000000e+00
0.000000000000000e+00
0.000000000000000e+00
0.000000000000000e+00
0.000000000000000e+00
0.000000000000000e+00
0.000000000000000e+00
0.000000000000000e+00
0.000000000000000e+00
0.000000000000000e+00
0.000000000000000e+00
0.000000000000000e+00
0.000000000000000e+00
0.000000000000000e+00
0.000000000000000e+00
0.000000000000000e+00
0.000000000000000e+00
0.000000000000000e+00
0.000000000000000e+00
0.000000000000000e+00
0.000000000000000e+00
0.000000000000000e+00
0.000000000000000e+00
3.125182026879588e+02
3.101003413018055e+02
1.820533232470629e+02
3.721165091595815e+02
2.006522399041808e+02
2.332274891600495e+02
2.532045055592158e+02
0.000000000000000e+00
0.000000000000000e+00
3.300952104499301e+02
2.912385122746948e+02
2.590754006986264e+02
2.447900867711380e+02
2.347686855855971e+02
3.005125427831857e+02
3.196490788565719e+02
2.660911727777973e+02
3.056041891096582e+02
1.972576317074414e+02
3.623417058814971e+02
2.189155227913107e+02
2.454427635273556e+02
2.275099884859765e+02
3.055536752145997e+02
2.030528972794735e+02
3.631045887020208e+02
3.809505048559093e+02
2.739489497640278e+02
2.211990813540576e+02
3.210761841636801e+02
2.452627245867505e+02
2.403943282009571e+02
2.104845920032031e+02
3.098202025921512e+02
2.241267338146970e+02
3.484178540964164e+02
4.685061829094869e+02
2.703992304003386e+02
2.545617721596003e+02
3.325442989641733e+02
1.935344864260965e+02
2.540553952354062e+02
2.344134343052473e+02
2.572655561376791e+02
1.962321552531969e+02
3.474328467475503e+02
4.828342334670193e+02
2.110017271307242e+02
2.572734964074374e+02
3.010201229063630e+02
2.325251459944741e+02
3.151795110165690e+02
2.170053499423245e+02
2.483972123617559e+02
1.899965128156179e+02
3.622532712913957e+02
3.978856021722898e+02
1.961422141039317e+02
2.700244840214055e+02
3.155113575126514e+02
2.491452252344547e+02
3.048148638252773e+02
2.037034764877585e+02
2.314019814546253e+02
1.663720790983475e+02
3.502009790302329e+02
3.969051665364685e+02
2.229097589077434e+02
3.099814594899545e+02
3.059830208766771e+02
2.497944813076253e+02
3.022766451772609e+02
2.287925608014540e+02
2.125337950289267e+02
1.592595124047202e+02
3.509543735874477e+02
4.254629434243512e+02
2.415257220355578e+02
3.220566217031911e+02
3.102198659171886e+02
2.251298574723842e+02
2.675738688511210e+02
2.239000881207874e+02
1.806720679303920e+02
1.800510611946272e+02
3.140680286217283e+02
3.745040394687192e+02
2.305471216632483e+02
2.876399609285783e+02
3.353819966902188e+02
2.946302870994055e+02
1.980050314551351e+02
2.483539743678734e+02
1.833559136839016e+02
1.741346552651691e+02
2.976832093271493e+02
4.272880563719650e+02
2.127831282115975e+02
3.042172045540476e+02
3.240573865463519e+02
3.636663933812795e+02
2.163495170835146e+02
2.676258209802938e+02
3.430069886402662e+02
2.070937261652125e+02
3.558352711953636e+02
3.442970877245101e+02
1.316997680595118e+02
0.000000000000000e+00
3.858406819729272e+02
3.536638918840370e+02
1.778307086181344e+02
1.987368804572892e+02
4.123587997669009e+02
3.689346978322849e+02
3.203608350292908e+02
3.190846085616301e+02
1.538069750128055e+02
0.000000000000000e+00
0.000000000000000e+00
0.000000000000000e+00
0.000000000000000e+00
0.000000000000000e+00
0.000000000000000e+00
3.326458274777743e+02
0.000000000000000e+00
0.000000000000000e+00
0.000000000000000e+00
0.000000000000000e+00
0.000000000000000e+00
0.000000000000000e+00
0.000000000000000e+00
0.000000000000000e+00
0.000000000000000e+00
0.000000000000000e+00
0.000000000000000e+00
0.000000000000000e+00
0.000000000000000e+00
0.000000000000000e+00
0.000000000000000e+00
0.000000000000000e+00
3.213299521497472e+02
1.597050534484543e+02
4.162965276911933e+02
1.814170362078405e+02
2.097315251481830e+02
0.000000000000000e+00
0.000000000000000e+00
0.000000000000000e+00
3.450290456373967e+02
2.126500869626069e+02
2.626778884689196e+02
2.562415589817982e+02
2.287094915637805e+02
2.699421848436378e+02
3.400140872937283e+02
3.441445516146107e+02
2.696764437277303e+02
1.917896985330733e+02
2.961254386118156e+02
2.227648610052762e+02
2.601833068118458e+02
2.162239999418257e+02
2.917775142942982e+02
2.316846673302422e+02
3.847385096961974e+02
3.234452261553861e+02
2.688758773301161e+02
2.652226306102963e+02
3.107825689714346e+02
1.583584470266492e+02
2.343407940734506e+02
2.126254825462770e+02
2.354237651783461e+02
2.199045991595453e+02
3.138254379376015e+02
4.172908838730904e+02
1.806529617745396e+02
2.511742660913449e+02
3.095383703203707e+02
1.734274392726765e+02
3.324473418026755e+02
2.371234581682533e+02
2.431870800083638e+02
2.088447883496878e+02
3.454707756330737e+02
4.047581582651388e+02
1.937467290818640e+02
2.138711584346625e+02
3.021178221148356e+02
2.192523498065754e+02
3.306117464102243e+02
2.179378647893112e+02
2.449125480229771e+02
3.070419647168457e+02
2.748141305481395e+02
4.164796217441064e+02
2.458007962658981e+02
2.020930636585212e+02
2.501624390912110e+02
2.466553854022437e+02
2.936656088483293e+02
2.194479749030687e+02
2.219627815088573e+02
3.055510179868143e+02
2.185532039697142e+02
3.282768658375103e+02
2.418503417443414e+02
2.223516243427552e+02
2.590600104049257e+02
2.265361735140386e+02
3.021439593117338e+02
2.416865558174224e+02
2.238641469245431e+02
2.418627490093121e+02
1.964354662508553e+02
3.167065674134633e+02
2.515264188805982e+02
2.189791714884896e+02
2.407249952593896e+02
1.953783296400811e+02
2.952401368682417e+02
2.868523050574999e+02
2.209573378024566e+02
2.243834222987702e+02
2.068557818343398e+02
3.351681404035488e+02
2.755283576266007e+02
2.343140506339903e+02
2.198395764735227e+02
1.763051651664269e+02
2.743308390261191e+02
2.841106453241981e+02
1.979967652209560e+02
2.286579885631877e+02
2.107962489747187e+02
3.182390912958898e+02
2.641519983846692e+02
2.295789985537167e+02
3.068471307624965e+02
2.697937876497788e+02
2.639284749810442e+02
2.820933720744086e+02
1.805016862717550e+02
2.064952720202258e+02
2.008246423550962e+02
3.462761648030191e+02
2.484984813217245e+02
2.773619307412865e+02
3.126120043854304e+02
3.145910275516891e+02
2.515339368739422e+02
2.455609479473221e+02
1.977269137927344e+02
1.686836172457474e+02
2.973278498436499e+02
4.170294567709269e+02
2.366582063976598e+02
3.001267239354302e+02
2.948699956666974e+02
3.474053381053563e+02
2.218253038164553e+02
2.447497022077408e+02
3.026662395633097e+02
2.076589008263671e+02
3.331623127013713e+02
3.256877397331080e+02
1.156379119427800e+02
0.000000000000000e+00
0.000000000000000e+00
3.193295284488286e+02
1.718903051029020e+02
3.322139432751150e+02
3.264936023128520e+02
3.508072394517725e+02
3.553825231443087e+02
3.483717542159936e+02
1.327520892286874e+02
0.000000000000000e+00
0.000000000000000e+00
0.000000000000000e+00
0.000000000000000e+00
0.000000000000000e+00
0.000000000000000e+00
0.000000000000000e+00
0.000000000000000e+00
0.000000000000000e+00
0.000000000000000e+00
0.000000000000000e+00
3.486531688347482e+02
3.291397817954568e+02
2.453063572681288e+02
2.621103775085790e+02
2.350710557785563e+02
2.372929979239050e+02
3.419565062923563e+02
2.233153506494324e+02
2.653949106701893e+02
1.707561752055741e+02
2.751553346717088e+02
1.344528151739638e+02
2.763198027465896e+02
2.437853915240001e+02
2.807641613222378e+02
2.250270092062952e+02
4.155655386190566e+02
3.843313929002731e+02
2.485846077909148e+02
2.828638327435581e+02
3.107210551837043e+02
1.518792502532200e+02
3.450364519046836e+02
1.964222448282862e+02
2.139451939812031e+02
2.452084278291483e+02
3.023449909551924e+02
3.978748179111928e+02
1.917401350450218e+02
2.732550344741990e+02
3.128563048489545e+02
2.262990769083664e+02
3.238433517981094e+02
2.077491122023308e+02
2.779465578365105e+02
2.970227058992963e+02
2.558294992358502e+02
3.545962843603382e+02
2.579203167629915e+02
2.285752983932607e+02
2.743261538246937e+02
2.358881988441447e+02
2.785052306403039e+02
2.110465159539052e+02
2.646645098000860e+02
2.881253650792166e+02
2.853196155181882e+02
3.636541046970750e+02
2.645630424476885e+02
2.677919063911137e+02
2.622807945181443e+02
2.731037092922431e+02
2.906716435730203e+02
0.000000000000000e+00
0.000000000000000e+00
0.000000000000000e+00
0.000000000000000e+00
3.434388193111357e+02
1.951688663015083e+02
2.550126239117185e+02
1.955281367362559e+02
2.574344462281251e+02
0.000000000000000e+00
0.000000000000000e+00
0.000000000000000e+00
0.000000000000000e+00
0.000000000000000e+00
0.000000000000000e+00
1.701615969633761e+02
3.049043507989755e+02
2.151098236756268e+02
0.000000000000000e+00
0.000000000000000e+00
0.000000000000000e+00
0.000000000000000e+00
0.000000000000000e+00
0.000000000000000e+00
0.000000000000000e+00
1.949772939670559e+02
3.433398545190443e+02
2.065750746983343e+02
0.000000000000000e+00
0.000000000000000e+00
0.000000000000000e+00
0.000000000000000e+00
0.000000000000000e+00
0.000000000000000e+00
0.000000000000000e+00
1.926089335543814e+02
3.487229817286463e+02
1.977099378294412e+02
0.000000000000000e+00
0.000000000000000e+00
0.000000000000000e+00
0.000000000000000e+00
0.000000000000000e+00
0.000000000000000e+00
0.000000000000000e+00
1.497383388352593e+02
3.975022812681258e+02
2.182355105544181e+02
1.717397002246166e+02
2.886199660148753e+02
0.000000000000000e+00
0.000000000000000e+00
0.000000000000000e+00
0.000000000000000e+00
2.577810816018441e+02
1.138583451459075e+02
2.380100481123811e+02
2.731087090469763e+02
2.550533428381790e+02
3.000752824569641e+02
2.685842856513073e+02
1.647583701378288e+02
2.192394007240246e+02
1.926983226112104e+02
3.273537902467735e+02
2.455437307088487e+02
2.811056572097829e+02
2.992126971344258e+02
3.091342740695668e+02
2.559893064378628e+02
2.282273520228837e+02
2.118174214875355e+02
1.749018730505780e+02
3.333372781364273e+02
4.148450538729983e+02
2.806161179945782e+02
0.000000000000000e+00
3.571439012267570e+02
3.734330299841397e+02
1.619221702974632e+02
2.280929210830264e+02
3.906254204932379e+02
1.998804135095679e+02
3.545949910080286e+02
3.005977945766029e+02
1.030306159006652e+02
0.000000000000000e+00
0.000000000000000e+00
0.000000000000000e+00
3.176239885268220e+02
1.413717613445022e+02
4.218798551907594e+02
2.147954361457067e+02
2.292883108774661e+02
0.000000000000000e+00
0.000000000000000e+00
1.524540119760273e+02
2.574141430682517e+02
1.839831431072788e+02
2.661044554801852e+02
2.285753919635653e+02
2.881772418148247e+02
2.297831396588568e+02
4.190386358684715e+02
3.510450594556966e+02
2.475803054779827e+02
2.838836360726793e+02
3.326912389516407e+02
2.303017669524255e+02
3.321179078716440e+02
1.881142736027719e+02
2.331173884934989e+02
2.515275035179989e+02
3.422472041778417e+02
3.759513369077652e+02
2.088172285457245e+02
2.683130277617100e+02
3.047531779587623e+02
2.331974099134270e+02
2.521410165059061e+02
2.054894513079423e+02
2.688498380105408e+02
3.413409162047708e+02
2.414452406070925e+02
3.758760904553219e+02
2.691938641728714e+02
2.689264233159265e+02
2.721860434089003e+02
3.262385286657868e+02
2.538465738527950e+02
0.000000000000000e+00
0.000000000000000e+00
0.000000000000000e+00
0.000000000000000e+00
3.941713199400435e+02
1.975695927840106e+02
2.605051823533072e+02
2.020630411543636e+02
2.871620677737038e+02
0.000000000000000e+00
0.000000000000000e+00
0.000000000000000e+00
0.000000000000000e+00
0.000000000000000e+00
0.000000000000000e+00
1.953370552305710e+02
4.279178066852998e+02
1.920068180977769e+02
0.000000000000000e+00
0.000000000000000e+00
0.000000000000000e+00
0.000000000000000e+00
0.000000000000000e+00
0.000000000000000e+00
0.000000000000000e+00
0.000000000000000e+00
4.758232081682439e+02
0.000000000000000e+00
0.000000000000000e+00
0.000000000000000e+00
0.000000000000000e+00
0.000000000000000e+00
0.000000000000000e+00
0.000000000000000e+00
0.000000000000000e+00
0.000000000000000e+00
4.709003730079086e+02
0.000000000000000e+00
0.000000000000000e+00
0.000000000000000e+00
0.000000000000000e+00
0.000000000000000e+00
0.000000000000000e+00
0.000000000000000e+00
0.000000000000000e+00
0.000000000000000e+00
4.138189965580144e+02
0.000000000000000e+00
0.000000000000000e+00
0.000000000000000e+00
0.000000000000000e+00
0.000000000000000e+00
0.000000000000000e+00
0.000000000000000e+00
0.000000000000000e+00
0.000000000000000e+00
4.139864899778935e+02
0.000000000000000e+00
0.000000000000000e+00
0.000000000000000e+00
0.000000000000000e+00
0.000000000000000e+00
0.000000000000000e+00
0.000000000000000e+00
0.000000000000000e+00
0.000000000000000e+00
4.319799461095462e+02
1.842513894707356e+02
0.000000000000000e+00
0.000000000000000e+00
0.000000000000000e+00
0.000000000000000e+00
0.000000000000000e+00
0.000000000000000e+00
0.000000000000000e+00
0.000000000000000e+00
4.216371775021186e+02
1.895015920848941e+02
1.605455216170010e+02
0.000000000000000e+00
0.000000000000000e+00
0.000000000000000e+00
0.000000000000000e+00
0.000000000000000e+00
2.621974165169334e+02
1.119719625243904e+02
2.598127352383036e+02
2.883251740372290e+02
2.795823917459012e+02
2.973277289346405e+02
2.642621368255867e+02
1.617478571412564e+02
2.523032062252464e+02
1.623576381182913e+02
3.435528484142988e+02
2.844784664115020e+02
3.480306271800515e+02
2.982705695353879e+02
3.137914924583679e+02
1.890341124493745e+02
2.510202934693586e+02
2.601959078418745e+02
1.840287834683226e+02
3.245958213251414e+02
3.736219574495692e+02
2.904936127950780e+02
0.000000000000000e+00
3.813063693813958e+02
3.421134461775987e+02
2.491680485076995e+02
2.398905453852687e+02
2.234234322344985e+02
2.203196185521053e+02
3.595593054190394e+02
1.693896721776408e+02
2.507828740599361e+02
2.506411536566157e+02
3.072841851426914e+02
1.215121308740701e+02
3.391534997819248e+02
1.832956558711244e+02
2.251281676822731e+02
2.544444043735351e+02
3.389859136223668e+02
3.639609989038278e+02
2.095948648119157e+02
3.094460895592708e+02
3.586681709841117e+02
3.914418362190372e+02
2.475228997849448e+02
2.159133273106334e+02
2.700671849191189e+02
3.380248560347048e+02
2.325169532082287e+02
4.422758984517329e+02
2.817459459878944e+02
2.673949542184386e+02
2.272026778973945e+02
3.612174963315980e+02
0.000000000000000e+00
0.000000000000000e+00
0.000000000000000e+00
0.000000000000000e+00
0.000000000000000e+00
4.096883337000323e+02
1.964184592759034e+02
3.914130182092331e+02
2.155779936720300e+02
0.000000000000000e+00
0.000000000000000e+00
0.000000000000000e+00
0.000000000000000e+00
0.000000000000000e+00
0.000000000000000e+00
0.000000000000000e+00
0.000000000000000e+00
4.314477918858295e+02
0.000000000000000e+00
0.000000000000000e+00
0.000000000000000e+00
0.000000000000000e+00
0.000000000000000e+00
0.000000000000000e+00
0.000000000000000e+00
0.000000000000000e+00
0.000000000000000e+00
0.000000000000000e+00
0.000000000000000e+00
0.000000000000000e+00
0.000000000000000e+00
0.000000000000000e+00
0.000000000000000e+00
0.000000000000000e+00
0.000000000000000e+00
0.000000000000000e+00
0.000000000000000e+00
0.000000000000000e+00
0.000000000000000e+00
0.000000000000000e+00
0.000000000000000e+00
0.000000000000000e+00
0.000000000000000e+00
0.000000000000000e+00
0.000000000000000e+00
0.000000000000000e+00
0.000000000000000e+00
0.000000000000000e+00
0.000000000000000e+00
0.000000000000000e+00
0.000000000000000e+00
0.000000000000000e+00
0.000000000000000e+00
0.000000000000000e+00
0.000000000000000e+00
0.000000000000000e+00
0.000000000000000e+00
0.000000000000000e+00
0.000000000000000e+00
0.000000000000000e+00
0.000000000000000e+00
0.000000000000000e+00
0.000000000000000e+00
0.000000000000000e+00
0.000000000000000e+00
0.000000000000000e+00
0.000000000000000e+00
0.000000000000000e+00
0.000000000000000e+00
0.000000000000000e+00
0.000000000000000e+00
0.000000000000000e+00
0.000000000000000e+00
0.000000000000000e+00
0.000000000000000e+00
0.000000000000000e+00
0.000000000000000e+00
0.000000000000000e+00
0.000000000000000e+00
0.000000000000000e+00
0.000000000000000e+00
0.000000000000000e+00
0.000000000000000e+00
0.000000000000000e+00
0.000000000000000e+00
0.000000000000000e+00
0.000000000000000e+00
4.458890402916219e+02
0.000000000000000e+00
0.000000000000000e+00
0.000000000000000e+00
0.000000000000000e+00
0.000000000000000e+00
0.000000000000000e+00
0.000000000000000e+00
0.000000000000000e+00
0.000000000000000e+00
4.210551933366153e+02
2.001819406893075e+02
1.540860425549489e+02
0.000000000000000e+00
0.000000000000000e+00
0.000000000000000e+00
0.000000000000000e+00
0.000000000000000e+00
2.819280965474924e+02
1.097037101103693e+02
2.811648936601630e+02
3.033841083046763e+02
2.678536290556365e+02
2.457209933967264e+02
2.327273686978619e+02
1.920492459060841e+02
2.529022635273279e+02
3.334246822331363e+02
3.206338245986484e+02
2.624210753930190e+02
1.623331296506257e+02
2.448347212266866e+02
1.625036944146711e+02
2.284703311238120e+02
2.436757188699994e+02
2.683745830555075e+02
2.911659688629842e+02
4.425554261056448e+02
3.405878075511708e+02
2.304225126751825e+02
3.353078627211854e+02
3.985506272685207e+02
2.687490315826230e+02
2.503703885649402e+02
1.692081675095462e+02
2.575627115005344e+02
3.474050035033048e+02
2.173718813247217e+02
3.367917293039390e+02
2.975247762253900e+02
2.741136388480307e+02
2.532181195236867e+02
0.000000000000000e+00
0.000000000000000e+00
0.000000000000000e+00
0.000000000000000e+00
0.000000000000000e+00
0.000000000000000e+00
0.000000000000000e+00
2.301965997208768e+02
3.294166390996861e+02
0.000000000000000e+00
0.000000000000000e+00
0.000000000000000e+00
0.000000000000000e+00
0.000000000000000e+00
0.000000000000000e+00
0.000000000000000e+00
0.000000000000000e+00
0.000000000000000e+00
0.000000000000000e+00
0.000000000000000e+00
0.000000000000000e+00
0.000000000000000e+00
0.000000000000000e+00
0.000000000000000e+00
0.000000000000000e+00
0.000000000000000e+00
0.000000000000000e+00
0.000000000000000e+00
0.000000000000000e+00
0.000000000000000e+00
0.000000000000000e+00
0.000000000000000e+00
0.000000000000000e+00
0.000000000000000e+00
0.000000000000000e+00
0.000000000000000e+00
0.000000000000000e+00
0.000000000000000e+00
0.000000000000000e+00
0.000000000000000e+00
0.000000000000000e+00
0.000000000000000e+00
0.000000000000000e+00
0.000000000000000e+00
0.000000000000000e+00
0.000000000000000e+00
0.000000000000000e+00
0.000000000000000e+00
0.000000000000000e+00
0.000000000000000e+00
0.000000000000000e+00
0.000000000000000e+00
0.000000000000000e+00
0.000000000000000e+00
0.000000000000000e+00
0.000000000000000e+00
0.000000000000000e+00
0.000000000000000e+00
0.000000000000000e+00
0.000000000000000e+00
0.000000000000000e+00
0.000000000000000e+00
0.000000000000000e+00
0.000000000000000e+00
0.000000000000000e+00
0.000000000000000e+00
0.000000000000000e+00
0.000000000000000e+00
0.000000000000000e+00
0.000000000000000e+00
0.000000000000000e+00
0.000000000000000e+00
0.000000000000000e+00
0.000000000000000e+00
0.000000000000000e+00
0.000000000000000e+00
0.000000000000000e+00
0.000000000000000e+00
0.000000000000000e+00
0.000000000000000e+00
0.000000000000000e+00
0.000000000000000e+00
0.000000000000000e+00
0.000000000000000e+00
0.000000000000000e+00
0.000000000000000e+00
0.000000000000000e+00
0.000000000000000e+00
0.000000000000000e+00
0.000000000000000e+00
0.000000000000000e+00
0.000000000000000e+00
0.000000000000000e+00
0.000000000000000e+00
0.000000000000000e+00
0.000000000000000e+00
0.000000000000000e+00
0.000000000000000e+00
0.000000000000000e+00
0.000000000000000e+00
0.000000000000000e+00
0.000000000000000e+00
0.000000000000000e+00
0.000000000000000e+00
0.000000000000000e+00
0.000000000000000e+00
0.000000000000000e+00
0.000000000000000e+00
4.370178234436485e+02
0.000000000000000e+00
0.000000000000000e+00
0.000000000000000e+00
0.000000000000000e+00
0.000000000000000e+00
0.000000000000000e+00
0.000000000000000e+00
0.000000000000000e+00
0.000000000000000e+00
2.888724050284736e+02
2.976433153698231e+02
1.670612988726029e+02
2.496889317608553e+02
2.876168685278374e+02
1.492602448116628e+02
0.000000000000000e+00
1.706757764474844e+02
2.663536278897193e+02
9.404070737900494e+01
2.813078493684257e+02
2.880898169883275e+02
1.032776073568707e+02
3.267941463618569e+02
1.821301048283259e+02
2.220079209856342e+02
2.425388065367300e+02
2.691347458942516e+02
3.066345531801460e+02
2.101598983926026e+02
2.517246893001830e+02
2.529630815774223e+02
4.340891644358232e+02
0.000000000000000e+00
0.000000000000000e+00
0.000000000000000e+00
0.000000000000000e+00
0.000000000000000e+00
3.969197157394568e+02
1.962194960395447e+02
3.745000730861040e+02
0.000000000000000e+00
0.000000000000000e+00
0.000000000000000e+00
0.000000000000000e+00
0.000000000000000e+00
0.000000000000000e+00
0.000000000000000e+00
0.000000000000000e+00
0.000000000000000e+00
0.000000000000000e+00
0.000000000000000e+00
0.000000000000000e+00
0.000000000000000e+00
0.000000000000000e+00
0.000000000000000e+00
0.000000000000000e+00
0.000000000000000e+00
0.000000000000000e+00
0.000000000000000e+00
0.000000000000000e+00
0.000000000000000e+00
0.000000000000000e+00
0.000000000000000e+00
0.000000000000000e+00
0.000000000000000e+00
0.000000000000000e+00
0.000000000000000e+00
0.000000000000000e+00
0.000000000000000e+00
0.000000000000000e+00
0.000000000000000e+00
0.000000000000000e+00
0.000000000000000e+00
0.000000000000000e+00
0.000000000000000e+00
0.000000000000000e+00
0.000000000000000e+00
0.000000000000000e+00
0.000000000000000e+00
0.000000000000000e+00
0.000000000000000e+00
0.000000000000000e+00
0.000000000000000e+00
0.000000000000000e+00
0.000000000000000e+00
0.000000000000000e+00
0.000000000000000e+00
0.000000000000000e+00
0.000000000000000e+00
0.000000000000000e+00
0.000000000000000e+00
0.000000000000000e+00
0.000000000000000e+00
0.000000000000000e+00
0.000000000000000e+00
0.000000000000000e+00
0.000000000000000e+00
0.000000000000000e+00
0.000000000000000e+00
0.000000000000000e+00
0.000000000000000e+00
0.000000000000000e+00
0.000000000000000e+00
0.000000000000000e+00
0.000000000000000e+00
0.000000000000000e+00
0.000000000000000e+00
0.000000000000000e+00
0.000000000000000e+00
0.000000000000000e+00
0.000000000000000e+00
0.000000000000000e+00
0.000000000000000e+00
0.000000000000000e+00
0.000000000000000e+00
0.000000000000000e+00
0.000000000000000e+00
0.000000000000000e+00
0.000000000000000e+00
0.000000000000000e+00
0.000000000000000e+00
0.000000000000000e+00
0.000000000000000e+00
0.000000000000000e+00
0.000000000000000e+00
0.000000000000000e+00
0.000000000000000e+00
0.000000000000000e+00
0.000000000000000e+00
0.000000000000000e+00
0.000000000000000e+00
0.000000000000000e+00
0.000000000000000e+00
0.000000000000000e+00
0.000000000000000e+00
0.000000000000000e+00
0.000000000000000e+00
0.000000000000000e+00
0.000000000000000e+00
0.000000000000000e+00
0.000000000000000e+00
0.000000000000000e+00
0.000000000000000e+00
0.000000000000000e+00
0.000000000000000e+00
0.000000000000000e+00
0.000000000000000e+00
0.000000000000000e+00
0.000000000000000e+00
0.000000000000000e+00
0.000000000000000e+00
0.000000000000000e+00
0.000000000000000e+00
0.000000000000000e+00
0.000000000000000e+00
0.000000000000000e+00
0.000000000000000e+00
0.000000000000000e+00
0.000000000000000e+00
4.535218673731887e+02
2.148802555100708e+02
0.000000000000000e+00
0.000000000000000e+00
0.000000000000000e+00
0.000000000000000e+00
0.000000000000000e+00
0.000000000000000e+00
0.000000000000000e+00
0.000000000000000e+00
3.418524475368775e+02
3.525363739138789e+02
2.602552598229055e+02
2.341651324712161e+02
1.472777587652693e+02
2.196073078222889e+02
3.474214172862597e+02
2.123985930566427e+02
2.825779671415493e+02
2.177238270196325e+02
3.625899173888048e+02
0.000000000000000e+00
0.000000000000000e+00
0.000000000000000e+00
0.000000000000000e+00
0.000000000000000e+00
0.000000000000000e+00
0.000000000000000e+00
0.000000000000000e+00
0.000000000000000e+00
0.000000000000000e+00
0.000000000000000e+00
0.000000000000000e+00
0.000000000000000e+00
0.000000000000000e+00
0.000000000000000e+00
0.000000000000000e+00
0.000000000000000e+00
0.000000000000000e+00
0.000000000000000e+00
0.000000000000000e+00
0.000000000000000e+00
0.000000000000000e+00
0.000000000000000e+00
0.000000000000000e+00
0.000000000000000e+00
0.000000000000000e+00
0.000000000000000e+00
0.000000000000000e+00
0.000000000000000e+00
0.000000000000000e+00
0.000000000000000e+00
0.000000000000000e+00
0.000000000000000e+00
0.000000000000000e+00
0.000000000000000e+00
0.000000000000000e+00
0.000000000000000e+00
0.000000000000000e+00
0.000000000000000e+00
0.000000000000000e+00
0.000000000000000e+00
0.000000000000000e+00
0.000000000000000e+00
0.000000000000000e+00
0.000000000000000e+00
0.000000000000000e+00
0.000000000000000e+00
0.000000000000000e+00
0.000000000000000e+00
0.000000000000000e+00
0.000000000000000e+00
0.000000000000000e+00
0.000000000000000e+00
0.000000000000000e+00
0.000000000000000e+00
0.000000000000000e+00
0.000000000000000e+00
0.000000000000000e+00
0.000000000000000e+00
0.000000000000000e+00
0.000000000000000e+00
0.000000000000000e+00
0.000000000000000e+00
0.000000000000000e+00
0.000000000000000e+00
0.000000000000000e+00
0.000000000000000e+00
0.000000000000000e+00
0.000000000000000e+00
0.000000000000000e+00
0.000000000000000e+00
0.000000000000000e+00
0.000000000000000e+00
0.000000000000000e+00
0.000000000000000e+00
0.000000000000000e+00
0.000000000000000e+00
0.000000000000000e+00
0.000000000000000e+00
0.000000000000000e+00
0.000000000000000e+00
0.000000000000000e+00
0.000000000000000e+00
0.000000000000000e+00
0.000000000000000e+00
0.000000000000000e+00
0.000000000000000e+00
0.000000000000000e+00
0.000000000000000e+00
0.000000000000000e+00
0.000000000000000e+00
0.000000000000000e+00
0.000000000000000e+00
0.000000000000000e+00
0.000000000000000e+00
0.000000000000000e+00
0.000000000000000e+00
0.000000000000000e+00
0.000000000000000e+00
0.000000000000000e+00
0.000000000000000e+00
0.000000000000000e+00
0.000000000000000e+00
0.000000000000000e+00
0.000000000000000e+00
0.000000000000000e+00
0.000000000000000e+00
0.000000000000000e+00
0.000000000000000e+00
0.000000000000000e+00
0.000000000000000e+00
0.000000000000000e+00
0.000000000000000e+00
0.000000000000000e+00
0.000000000000000e+00
0.000000000000000e+00
0.000000000000000e+00
0.000000000000000e+00
0.000000000000000e+00
0.000000000000000e+00
0.000000000000000e+00
0.000000000000000e+00
0.000000000000000e+00
0.000000000000000e+00
0.000000000000000e+00
0.000000000000000e+00
0.000000000000000e+00
0.000000000000000e+00
0.000000000000000e+00
4.083273576302736e+02
0.000000000000000e+00
0.000000000000000e+00
0.000000000000000e+00
0.000000000000000e+00
0.000000000000000e+00
0.000000000000000e+00
0.000000000000000e+00
0.000000000000000e+00
0.000000000000000e+00
2.944701373512900e+02
2.270998916819822e+02
4.928549881626138e+02
0.000000000000000e+00
0.000000000000000e+00
0.000000000000000e+00
0.000000000000000e+00
0.000000000000000e+00
3.411137155266889e+02
1.486475612118768e+02
0.000000000000000e+00
0.000000000000000e+00
0.000000000000000e+00
0.000000000000000e+00
0.000000000000000e+00
0.000000000000000e+00
0.000000000000000e+00
0.000000000000000e+00
0.000000000000000e+00
0.000000000000000e+00
0.000000000000000e+00
0.000000000000000e+00
0.000000000000000e+00
0.000000000000000e+00
0.000000000000000e+00
0.000000000000000e+00
0.000000000000000e+00
0.000000000000000e+00
0.000000000000000e+00
0.000000000000000e+00
0.000000000000000e+00
0.000000000000000e+00
0.000000000000000e+00
0.000000000000000e+00
0.000000000000000e+00
0.000000000000000e+00
0.000000000000000e+00
0.000000000000000e+00
0.000000000000000e+00
0.000000000000000e+00
0.000000000000000e+00
0.000000000000000e+00
0.000000000000000e+00
0.000000000000000e+00
0.000000000000000e+00
0.000000000000000e+00
0.000000000000000e+00
0.000000000000000e+00
0.000000000000000e+00
0.000000000000000e+00
0.000000000000000e+00
0.000000000000000e+00
0.000000000000000e+00
0.000000000000000e+00
0.000000000000000e+00
0.000000000000000e+00
0.000000000000000e+00
0.000000000000000e+00
0.000000000000000e+00
0.000000000000000e+00
0.000000000000000e+00
0.000000000000000e+00
0.000000000000000e+00
0.000000000000000e+00
0.000000000000000e+00
0.000000000000000e+00
0.000000000000000e+00
0.000000000000000e+00
0.000000000000000e+00
0.000000000000000e+00
0.000000000000000e+00
0.000000000000000e+00
0.000000000000000e+00
0.000000000000000e+00
0.000000000000000e+00
0.000000000000000e+00
0.000000000000000e+00
0.000000000000000e+00
0.000000000000000e+00
0.000000000000000e+00
0.000000000000000e+00
0.000000000000000e+00
0.000000000000000e+00
0.000000000000000e+00
0.000000000000000e+00
0.000000000000000e+00
0.000000000000000e+00
0.000000000000000e+00
0.000000000000000e+00
0.000000000000000e+00
0.000000000000000e+00
0.000000000000000e+00
0.000000000000000e+00
0.000000000000000e+00
0.000000000000000e+00
0.000000000000000e+00
0.000000000000000e+00
0.000000000000000e+00
0.000000000000000e+00
0.000000000000000e+00
0.000000000000000e+00
0.000000000000000e+00
0.000000000000000e+00
0.000000000000000e+00
0.000000000000000e+00
0.000000000000000e+00
0.000000000000000e+00
0.000000000000000e+00
0.000000000000000e+00
0.000000000000000e+00
0.000000000000000e+00
0.000000000000000e+00
0.000000000000000e+00
0.000000000000000e+00
0.000000000000000e+00
0.000000000000000e+00
0.000000000000000e+00
0.000000000000000e+00
0.000000000000000e+00
0.000000000000000e+00
0.000000000000000e+00
0.000000000000000e+00
0.000000000000000e+00
0.000000000000000e+00
0.000000000000000e+00
0.000000000000000e+00
0.000000000000000e+00
0.000000000000000e+00
0.000000000000000e+00
0.000000000000000e+00
0.000000000000000e+00
0.000000000000000e+00
0.000000000000000e+00
0.000000000000000e+00
0.000000000000000e+00
0.000000000000000e+00
0.000000000000000e+00
0.000000000000000e+00
0.000000000000000e+00
0.000000000000000e+00
0.000000000000000e+00
0.000000000000000e+00
0.000000000000000e+00
0.000000000000000e+00
0.000000000000000e+00
0.000000000000000e+00
0.000000000000000e+00
0.000000000000000e+00
0.000000000000000e+00
0.000000000000000e+00
3.422347487971914e+02
0.000000000000000e+00
0.000000000000000e+00
0.000000000000000e+00
0.000000000000000e+00
0.000000000000000e+00
0.000000000000000e+00
0.000000000000000e+00
0.000000000000000e+00
0.000000000000000e+00
0.000000000000000e+00
0.000000000000000e+00
0.000000000000000e+00
0.000000000000000e+00
0.000000000000000e+00
0.000000000000000e+00
0.000000000000000e+00
0.000000000000000e+00
0.000000000000000e+00
0.000000000000000e+00
0.000000000000000e+00
0.000000000000000e+00
0.000000000000000e+00
0.000000000000000e+00
0.000000000000000e+00
0.000000000000000e+00
0.000000000000000e+00
0.000000000000000e+00
0.000000000000000e+00
0.000000000000000e+00
0.000000000000000e+00
0.000000000000000e+00
0.000000000000000e+00
0.000000000000000e+00
0.000000000000000e+00
0.000000000000000e+00
0.000000000000000e+00
0.000000000000000e+00
0.000000000000000e+00
0.000000000000000e+00
0.000000000000000e+00
0.000000000000000e+00
0.000000000000000e+00
0.000000000000000e+00
0.000000000000000e+00
0.000000000000000e+00
0.000000000000000e+00
0.000000000000000e+00
0.000000000000000e+00
0.000000000000000e+00
0.000000000000000e+00
0.000000000000000e+00
0.000000000000000e+00
0.000000000000000e+00
0.000000000000000e+00
0.000000000000000e+00
0.000000000000000e+00
0.000000000000000e+00
0.000000000000000e+00
0.000000000000000e+00
0.000000000000000e+00
0.000000000000000e+00
0.000000000000000e+00
0.000000000000000e+00
0.000000000000000e+00
0.000000000000000e+00
0.000000000000000e+00
0.000000000000000e+00
0.000000000000000e+00
0.000000000000000e+00
0.000000000000000e+00
0.000000000000000e+00
0.000000000000000e+00
0.000000000000000e+00
0.000000000000000e+00
0.000000000000000e+00
0.000000000000000e+00
0.000000000000000e+00
0.000000000000000e+00
0.000000000000000e+00
0.000000000000000e+00
0.000000000000000e+00
0.000000000000000e+00
0.000000000000000e+00
0.000000000000000e+00
0.000000000000000e+00
0.000000000000000e+00
0.000000000000000e+00
0.000000000000000e+00
0.000000000000000e+00
0.000000000000000e+00
0.000000000000000e+00
0.000000000000000e+00
0.000000000000000e+00
0.000000000000000e+00
0.000000000000000e+00
0.000000000000000e+00
0.000000000000000e+00
0.000000000000000e+00
0.000000000000000e+00
0.000000000000000e+00
0.000000000000000e+00
0.000000000000000e+00
0.000000000000000e+00
0.000000000000000e+00
0.000000000000000e+00
0.000000000000000e+00
0.000000000000000e+00
0.000000000000000e+00
0.000000000000000e+00
0.000000000000000e+00
0.000000000000000e+00
0.000000000000000e+00
0.000000000000000e+00
0.000000000000000e+00
0.000000000000000e+00
0.000000000000000e+00
0.000000000000000e+00
0.000000000000000e+00
0.000000000000000e+00
0.000000000000000e+00
0.000000000000000e+00
0.000000000000000e+00
0.000000000000000e+00
0.000000000000000e+00
0.000000000000000e+00
0.000000000000000e+00
0.000000000000000e+00
0.000000000000000e+00
0.000000000000000e+00
0.000000000000000e+00
0.000000000000000e+00
0.000000000000000e+00
0.000000000000000e+00
0.000000000000000e+00
0.000000000000000e+00
0.000000000000000e+00
0.000000000000000e+00
0.000000000000000e+00
0.000000000000000e+00
0.000000000000000e+00
0.000000000000000e+00
0.000000000000000e+00
0.000000000000000e+00
0.000000000000000e+00
0.000000000000000e+00
0.000000000000000e+00
0.000000000000000e+00
0.000000000000000e+00
0.000000000000000e+00
/
