PERMX
0.000000000000000e+00
0.000000000000000e+00
0.000000000000000e+00
0.000000000000000e+00
0.000000000000000e+00
0.000000000000000e+00
0.000000000000000e+00
0.000000000000000e+00
0.000000000000000e+00
0.000000000000000e+00
0.000000000000000e+00
0.000000000000000e+00
0.000000000000000e+00
0.000000000000000e+00
0.000000000000000e+00
0.000000000000000e+00
0.000000000000000e+00
0.000000000000000e+00
0.000000000000000e+00
0.000000000000000e+00
0.000000000000000e+00
0.000000000000000e+00
0.000000000000000e+00
0.000000000000000e+00
0.000000000000000e+00
0.000000000000000e+00
0.000000000000000e+00
0.000000000000000e+00
0.000000000000000e+00
0.000000000000000e+00
0.000000000000000e+00
0.000000000000000e+00
0.000000000000000e+00
0.000000000000000e+00
0.000000000000000e+00
0.000000000000000e+00
0.000000000000000e+00
0.000000000000000e+00
0.000000000000000e+00
0.000000000000000e+00
0.000000000000000e+00
0.000000000000000e+00
0.000000000000000e+00
0.000000000000000e+00
0.000000000000000e+00
0.000000000000000e+00
0.000000000000000e+00
0.000000000000000e+00
0.000000000000000e+00
0.000000000000000e+00
0.000000000000000e+00
0.000000000000000e+00
0.000000000000000e+00
0.000000000000000e+00
0.000000000000000e+00
0.000000000000000e+00
0.000000000000000e+00
0.000000000000000e+00
0.000000000000000e+00
0.000000000000000e+00
0.000000000000000e+00
0.000000000000000e+00
0.000000000000000e+00
0.000000000000000e+00
0.000000000000000e+00
0.000000000000000e+00
0.000000000000000e+00
0.000000000000000e+00
0.000000000000000e+00
0.000000000000000e+00
0.000000000000000e+00
0.000000000000000e+00
0.000000000000000e+00
0.000000000000000e+00
0.000000000000000e+00
0.000000000000000e+00
0.000000000000000e+00
0.000000000000000e+00
0.000000000000000e+00
0.000000000000000e+00
0.000000000000000e+00
0.000000000000000e+00
0.000000000000000e+00
0.000000000000000e+00
0.000000000000000e+00
0.000000000000000e+00
0.000000000000000e+00
0.000000000000000e+00
0.000000000000000e+00
0.000000000000000e+00
0.000000000000000e+00
0.000000000000000e+00
0.000000000000000e+00
0.000000000000000e+00
0.000000000000000e+00
0.000000000000000e+00
0.000000000000000e+00
0.000000000000000e+00
0.000000000000000e+00
0.000000000000000e+00
0.000000000000000e+00
0.000000000000000e+00
0.000000000000000e+00
0.000000000000000e+00
0.000000000000000e+00
0.000000000000000e+00
0.000000000000000e+00
0.000000000000000e+00
0.000000000000000e+00
0.000000000000000e+00
0.000000000000000e+00
0.000000000000000e+00
0.000000000000000e+00
0.000000000000000e+00
0.000000000000000e+00
0.000000000000000e+00
0.000000000000000e+00
0.000000000000000e+00
0.000000000000000e+00
0.000000000000000e+00
0.000000000000000e+00
0.000000000000000e+00
0.000000000000000e+00
0.000000000000000e+00
0.000000000000000e+00
0.000000000000000e+00
0.000000000000000e+00
0.000000000000000e+00
0.000000000000000e+00
0.000000000000000e+00
0.000000000000000e+00
0.000000000000000e+00
0.000000000000000e+00
0.000000000000000e+00
0.000000000000000e+00
0.000000000000000e+00
0.000000000000000e+00
0.000000000000000e+00
0.000000000000000e+00
0.000000000000000e+00
0.000000000000000e+00
0.000000000000000e+00
0.000000000000000e+00
0.000000000000000e+00
0.000000000000000e+00
0.000000000000000e+00
0.000000000000000e+00
0.000000000000000e+00
0.000000000000000e+00
0.000000000000000e+00
0.000000000000000e+00
0.000000000000000e+00
0.000000000000000e+00
0.000000000000000e+00
0.000000000000000e+00
0.000000000000000e+00
0.000000000000000e+00
0.000000000000000e+00
0.000000000000000e+00
0.000000000000000e+00
0.000000000000000e+00
0.000000000000000e+00
0.000000000000000e+00
0.000000000000000e+00
0.000000000000000e+00
0.000000000000000e+00
0.000000000000000e+00
0.000000000000000e+00
0.000000000000000e+00
0.000000000000000e+00
0.000000000000000e+00
0.000000000000000e+00
0.000000000000000e+00
0.000000000000000e+00
0.000000000000000e+00
0.000000000000000e+00
0.000000000000000e+00
0.000000000000000e+00
0.000000000000000e+00
0.000000000000000e+00
0.000000000000000e+00
0.000000000000000e+00
0.000000000000000e+00
0.000000000000000e+00
0.000000000000000e+00
0.000000000000000e+00
0.000000000000000e+00
0.000000000000000e+00
0.000000000000000e+00
0.000000000000000e+00
0.000000000000000e+00
0.000000000000000e+00
0.000000000000000e+00
0.000000000000000e+00
0.000000000000000e+00
0.000000000000000e+00
0.000000000000000e+00
0.000000000000000e+00
0.000000000000000e+00
0.000000000000000e+00
0.000000000000000e+00
0.000000000000000e+00
0.000000000000000e+00
0.000000000000000e+00
0.000000000000000e+00
0.000000000000000e+00
0.000000000000000e+00
0.000000000000000e+00
0.000000000000000e+00
0.000000000000000e+00
0.000000000000000e+00
0.000000000000000e+00
0.000000000000000e+00
0.000000000000000e+00
2.696627941251965e+02
3.527650885219427e+02
1.719843862972562e+02
2.710047787698208e+02
0.000000000000000e+00
0.000000000000000e+00
0.000000000000000e+00
0.000000000000000e+00
0.000000000000000e+00
2.725099654291425e+02
2.985267096120413e+02
2.949373911009608e+02
1.906482137167240e+02
2.786836391439880e+02
2.731559124757995e+02
0.000000000000000e+00
0.000000000000000e+00
0.000000000000000e+00
3.048818840740238e+02
2.928584990819638e+02
3.206766867910920e+02
2.827174082872615e+02
2.013466643606926e+02
2.891796220999275e+02
3.349154277375739e+02
0.000000000000000e+00
0.000000000000000e+00
0.000000000000000e+00
2.930821390617584e+02
2.620482541669127e+02
3.263756708967886e+02
2.726692375337106e+02
2.130864274493418e+02
3.090484905630593e+02
3.519139996780561e+02
0.000000000000000e+00
0.000000000000000e+00
0.000000000000000e+00
2.918538571655903e+02
2.399642147657581e+02
3.424309514331675e+02
3.096236331318858e+02
2.126617974116303e+02
3.175758075283798e+02
3.362667446500158e+02
0.000000000000000e+00
0.000000000000000e+00
0.000000000000000e+00
0.000000000000000e+00
0.000000000000000e+00
3.300916598876550e+02
3.198503414640629e+02
2.190854165713981e+02
3.331459856180744e+02
0.000000000000000e+00
0.000000000000000e+00
0.000000000000000e+00
0.000000000000000e+00
0.000000000000000e+00
0.000000000000000e+00
0.000000000000000e+00
0.000000000000000e+00
0.000000000000000e+00
0.000000000000000e+00
0.000000000000000e+00
0.000000000000000e+00
0.000000000000000e+00
0.000000000000000e+00
0.000000000000000e+00
0.000000000000000e+00
0.000000000000000e+00
0.000000000000000e+00
0.000000000000000e+00
0.000000000000000e+00
0.000000000000000e+00
0.000000000000000e+00
0.000000000000000e+00
0.000000000000000e+00
0.000000000000000e+00
0.000000000000000e+00
0.000000000000000e+00
0.000000000000000e+00
0.000000000000000e+00
0.000000000000000e+00
0.000000000000000e+00
0.000000000000000e+00
0.000000000000000e+00
0.000000000000000e+00
0.000000000000000e+00
0.000000000000000e+00
0.000000000000000e+00
0.000000000000000e+00
0.000000000000000e+00
0.000000000000000e+00
0.000000000000000e+00
0.000000000000000e+00
0.000000000000000e+00
0.000000000000000e+00
0.000000000000000e+00
0.000000000000000e+00
0.000000000000000e+00
0.000000000000000e+00
0.000000000000000e+00
0.000000000000000e+00
0.000000000000000e+00
0.000000000000000e+00
0.000000000000000e+00
0.000000000000000e+00
0.000000000000000e+00
0.000000000000000e+00
0.000000000000000e+00
0.000000000000000e+00
0.000000000000000e+00
0.000000000000000e+00
0.000000000000000e+00
0.000000000000000e+00
0.000000000000000e+00
0.000000000000000e+00
0.000000000000000e+00
0.000000000000000e+00
0.000000000000000e+00
0.000000000000000e+00
0.000000000000000e+00
0.000000000000000e+00
0.000000000000000e+00
0.000000000000000e+00
0.000000000000000e+00
0.000000000000000e+00
0.000000000000000e+00
0.000000000000000e+00
2.327622090342825e+02
3.449898551358210e+02
1.514476082717732e+02
2.390917988303635e+02
0.000000000000000e+00
0.000000000000000e+00
0.000000000000000e+00
0.000000000000000e+00
0.000000000000000e+00
2.812488529244200e+02
2.345032096733691e+02
3.530379497633441e+02
1.559402689338977e+02
2.548876837632908e+02
2.481032272095030e+02
0.000000000000000e+00
0.000000000000000e+00
0.000000000000000e+00
3.320754554607402e+02
2.869957528031094e+02
2.108389760106110e+02
2.524501752548094e+02
2.580280581774271e+02
2.574713496410351e+02
2.439747964880475e+02
2.684997920016370e+02
0.000000000000000e+00
3.783060633772558e+02
3.352954984545777e+02
2.182550376793910e+02
2.200186647304714e+02
2.652496069963924e+02
3.056438916670878e+02
2.860293185373041e+02
3.971558599098192e+02
2.281140294043309e+02
0.000000000000000e+00
3.285526131006079e+02
3.194133382468736e+02
2.223262695033523e+02
2.247890696028222e+02
2.725632688692230e+02
3.201665003473657e+02
2.716633777993088e+02
3.585803062371093e+02
2.093150897818889e+02
0.000000000000000e+00
3.227352933682058e+02
3.482611461511253e+02
2.173937124833622e+02
2.152992339517461e+02
2.880636064359340e+02
3.214674591742261e+02
2.573582434917471e+02
3.350415572390141e+02
2.176080039945248e+02
0.000000000000000e+00
3.306941633863314e+02
3.272762362066184e+02
1.865285176727593e+02
2.000516566838090e+02
3.254441592759142e+02
3.339102718616553e+02
2.819337454121412e+02
3.234928576569703e+02
2.098876560409251e+02
0.000000000000000e+00
0.000000000000000e+00
3.138993161063784e+02
2.228130046673525e+02
2.000574426317261e+02
3.363089439303953e+02
3.242117643465016e+02
2.971072998184271e+02
3.268068230696468e+02
1.840997966417348e+02
0.000000000000000e+00
0.000000000000000e+00
0.000000000000000e+00
2.235664019679988e+02
3.092023899507038e+02
3.353090313492826e+02
2.290850061306427e+02
3.185075081659292e+02
0.000000000000000e+00
0.000000000000000e+00
0.000000000000000e+00
0.000000000000000e+00
0.000000000000000e+00
0.000000000000000e+00
0.000000000000000e+00
0.000000000000000e+00
0.000000000000000e+00
0.000000000000000e+00
0.000000000000000e+00
0.000000000000000e+00
0.000000000000000e+00
0.000000000000000e+00
0.000000000000000e+00
0.000000000000000e+00
0.000000000000000e+00
0.000000000000000e+00
0.000000000000000e+00
0.000000000000000e+00
0.000000000000000e+00
0.000000000000000e+00
0.000000000000000e+00
0.000000000000000e+00
0.000000000000000e+00
0.000000000000000e+00
0.000000000000000e+00
0.000000000000000e+00
0.000000000000000e+00
0.000000000000000e+00
0.000000000000000e+00
0.000000000000000e+00
0.000000000000000e+00
0.000000000000000e+00
0.000000000000000e+00
0.000000000000000e+00
0.000000000000000e+00
0.000000000000000e+00
0.000000000000000e+00
0.000000000000000e+00
0.000000000000000e+00
0.000000000000000e+00
0.000000000000000e+00
0.000000000000000e+00
0.000000000000000e+00
0.000000000000000e+00
0.000000000000000e+00
0.000000000000000e+00
0.000000000000000e+00
0.000000000000000e+00
0.000000000000000e+00
0.000000000000000e+00
0.000000000000000e+00
0.000000000000000e+00
0.000000000000000e+00
2.858641593868210e+02
2.089463565428607e+02
3.524661928101960e+02
1.822845106158697e+02
2.557025585673519e+02
0.000000000000000e+00
0.000000000000000e+00
0.000000000000000e+00
0.000000000000000e+00
3.005632812469639e+02
2.833661728635932e+02
2.296193354603718e+02
2.413557688551104e+02
2.227401965813409e+02
2.937006515032220e+02
2.670298734429782e+02
2.977422016859165e+02
0.000000000000000e+00
3.483620559650684e+02
3.373889740623174e+02
2.567203691863809e+02
2.260812132810307e+02
2.519323277683919e+02
2.317858170961005e+02
2.775141905338355e+02
3.996017674086143e+02
3.011503289810047e+02
2.613167463972314e+02
3.789461054062809e+02
2.525572492229271e+02
2.373042736621204e+02
1.948592432836041e+02
3.041699500413028e+02
2.453557516510563e+02
3.165959027706174e+02
4.215735744983705e+02
2.277282509474760e+02
2.854113217837372e+02
3.215244003549969e+02
2.829386402720525e+02
2.530298616067473e+02
1.874433349471680e+02
3.125666142476527e+02
2.317242837415637e+02
3.023376403922339e+02
4.102590987399550e+02
1.955399312399086e+02
3.018252643039481e+02
3.284898110931906e+02
2.619553727134920e+02
2.450333220576586e+02
2.076061792824703e+02
2.954086214215150e+02
1.928734324263535e+02
3.027026050881633e+02
4.162018980613120e+02
1.702523199350847e+02
2.950487543356658e+02
3.131262229672001e+02
2.864609542704058e+02
2.341787341838937e+02
2.212899844244609e+02
3.031788842690428e+02
1.705275171911585e+02
3.028917153906467e+02
4.103485389978621e+02
1.737688824639962e+02
3.249944751343604e+02
3.328349024948230e+02
2.756576110395190e+02
1.966146513295817e+02
2.283918655267921e+02
3.043747400643374e+02
1.603910017007994e+02
2.791121594526277e+02
3.874921106182650e+02
1.751643653311213e+02
3.135327958159145e+02
3.387422310833033e+02
3.293030416421749e+02
1.817496100919663e+02
2.354467528628883e+02
3.021992632270643e+02
1.427884337266665e+02
2.789069455302090e+02
3.324188537136689e+02
1.486847739542831e+02
0.000000000000000e+00
3.585210993806328e+02
3.508342580403033e+02
1.775106124680256e+02
1.960873805999593e+02
3.211449510722907e+02
3.420061308686816e+02
2.884842374641215e+02
3.185618649930480e+02
1.558265104843315e+02
0.000000000000000e+00
0.000000000000000e+00
0.000000000000000e+00
1.989828757473206e+02
2.901464187174597e+02
3.090067210065066e+02
2.804004953538455e+02
3.231655596345807e+02
0.000000000000000e+00
0.000000000000000e+00
0.000000000000000e+00
0.000000000000000e+00
0.000000000000000e+00
0.000000000000000e+00
0.000000000000000e+00
0.000000000000000e+00
0.000000000000000e+00
0.000000000000000e+00
0.000000000000000e+00
0.000000000000000e+00
0.000000000000000e+00
0.000000000000000e+00
0.000000000000000e+00
0.000000000000000e+00
0.000000000000000e+00
0.000000000000000e+00
0.000000000000000e+00
0.000000000000000e+00
0.000000000000000e+00
0.000000000000000e+00
0.000000000000000e+00
0.000000000000000e+00
0.000000000000000e+00
0.000000000000000e+00
0.000000000000000e+00
0.000000000000000e+00
0.000000000000000e+00
0.000000000000000e+00
0.000000000000000e+00
0.000000000000000e+00
0.000000000000000e+00
0.000000000000000e+00
3.093926039366592e+02
3.073028305909082e+02
1.820241188894747e+02
3.613500935514536e+02
1.891402649533746e+02
2.327290230677488e+02
2.299272803112520e+02
0.000000000000000e+00
0.000000000000000e+00
3.273252101883057e+02
2.914732307598605e+02
2.540317247378107e+02
2.413641133736154e+02
2.241693148133583e+02
2.230171456650502e+02
3.149290735641766e+02
2.526316033323600e+02
3.032923899584036e+02
1.992413410725225e+02
3.602782678959821e+02
2.172646471018139e+02
2.395469377871756e+02
2.259193593050753e+02
2.927130446172441e+02
1.956917650046806e+02
3.388480304478842e+02
3.476947647301605e+02
2.568988087487786e+02
2.188558098935385e+02
3.197016349997102e+02
2.461969414084543e+02
2.415983206887387e+02
2.112632485996608e+02
2.885378977224170e+02
2.207814116049461e+02
3.352952319372836e+02
4.310356161179484e+02
2.566604227235838e+02
2.479185176101270e+02
3.311191902161571e+02
1.751061382890655e+02
2.487436478476014e+02
1.958020450150582e+02
2.179603919021920e+02
1.921922132593551e+02
3.047311540053709e+02
4.574580094263813e+02
2.103300867709911e+02
2.481980164482962e+02
2.996565318997353e+02
2.220499719735255e+02
3.105855840899955e+02
2.083929712297614e+02
2.286182874411493e+02
1.901046442624844e+02
3.310396359617407e+02
3.727883589226994e+02
1.967077329516626e+02
2.676498534897669e+02
3.152192276056275e+02
2.380238019803556e+02
3.054199905705061e+02
2.035946310733046e+02
2.168490192995295e+02
1.605586889409039e+02
3.462572756880225e+02
3.734265103905045e+02
2.218870221629678e+02
3.015191471293051e+02
2.994167181676728e+02
2.262200581581695e+02
2.953327639916320e+02
2.266736310465771e+02
1.939134208723741e+02
1.466626075487189e+02
3.519492374740773e+02
4.149788211767270e+02
2.420290281744762e+02
3.140444571185857e+02
3.061752599879621e+02
2.147591741926633e+02
2.532271445934951e+02
2.233899837784229e+02
1.767751814832934e+02
1.627102539418543e+02
3.125655500418716e+02
3.633551111366771e+02
2.302548909453035e+02
2.812721039490974e+02
3.322114392963863e+02
2.684776699313992e+02
1.750677728336930e+02
2.452838596829714e+02
1.812380997686438e+02
1.515945570815401e+02
2.965992378995533e+02
3.611213173328492e+02
2.085143493693745e+02
2.969124110426935e+02
3.204293200438214e+02
3.304310782062984e+02
1.919754655951962e+02
2.579296890218315e+02
2.995526961424754e+02
1.367032883767734e+02
3.117793185710898e+02
3.348622899597600e+02
1.220492899984071e+02
0.000000000000000e+00
3.273279644401375e+02
3.423398058802743e+02
1.701906681298113e+02
1.927745953967301e+02
3.625245538271535e+02
3.478395541535627e+02
3.103048262830899e+02
2.779705191183771e+02
1.347491048061160e+02
0.000000000000000e+00
0.000000000000000e+00
0.000000000000000e+00
0.000000000000000e+00
0.000000000000000e+00
0.000000000000000e+00
3.368783375478572e+02
0.000000000000000e+00
0.000000000000000e+00
0.000000000000000e+00
0.000000000000000e+00
0.000000000000000e+00
0.000000000000000e+00
0.000000000000000e+00
0.000000000000000e+00
0.000000000000000e+00
0.000000000000000e+00
0.000000000000000e+00
0.000000000000000e+00
0.000000000000000e+00
0.000000000000000e+00
0.000000000000000e+00
0.000000000000000e+00
3.206283054032540e+02
1.497794987173074e+02
4.000749143237732e+02
1.666639335214172e+02
2.083029011368179e+02
0.000000000000000e+00
0.000000000000000e+00
0.000000000000000e+00
3.440346654116021e+02
2.119832755706391e+02
2.538007628044543e+02
2.535206840545824e+02
2.147204801690018e+02
2.155345664594154e+02
3.371670312103532e+02
3.281608263642754e+02
2.632022779678476e+02
1.903301535174793e+02
2.959231221677005e+02
2.224061789912387e+02
2.581751202195998e+02
2.180865964564138e+02
2.740561966135112e+02
2.193950145273162e+02
3.625811191931312e+02
3.154533845302840e+02
2.526980997510227e+02
2.606112193371412e+02
3.142021041314444e+02
1.486213958755453e+02
2.311171435342106e+02
1.773089031545497e+02
2.134366491036052e+02
2.024828330070671e+02
2.762559126289863e+02
3.761499982629004e+02
1.795624579468048e+02
2.497467301891386e+02
3.097588371603305e+02
1.545585685684153e+02
3.320809083307746e+02
1.970354355868837e+02
2.071136457303703e+02
1.933960141719531e+02
2.998402911305009e+02
3.735651635996157e+02
1.941980196233332e+02
1.825303049784885e+02
3.035280226316872e+02
2.119125123818578e+02
3.283733643823010e+02
1.774500422313615e+02
2.106924343673582e+02
2.873187452391695e+02
2.576593800552262e+02
3.893563030669921e+02
2.303088700507262e+02
1.947663258049847e+02
2.496728074436848e+02
2.322382446022187e+02
2.852398409637732e+02
1.898458955362314e+02
1.791244199715400e+02
2.842666744944465e+02
2.115244372013061e+02
3.261889402313656e+02
2.121960158476577e+02
2.143930791894704e+02
2.550928224324117e+02
2.260366075210128e+02
2.899406544745148e+02
1.999772911269008e+02
1.929160380048832e+02
2.401448372837858e+02
1.905921564307585e+02
3.169510682063753e+02
2.145942507550610e+02
2.195472535257582e+02
2.310546312219229e+02
1.947563782012814e+02
2.726280519702359e+02
2.746293695972212e+02
2.091946407884282e+02
2.213110301421796e+02
2.065733298500257e+02
3.340295904982192e+02
2.491038992912452e+02
2.267617735205613e+02
2.130041361872554e+02
1.732507478750224e+02
2.583338233509816e+02
2.842768044514283e+02
1.851701631760329e+02
2.268299099503795e+02
2.106186013082359e+02
3.177148962470575e+02
2.259195553104212e+02
2.070867267623167e+02
3.016877046310484e+02
2.653520524324929e+02
2.597033460907659e+02
2.826822148788883e+02
1.692606734984282e+02
2.067426086183136e+02
1.998376622882701e+02
3.362073004936674e+02
2.135756968996693e+02
2.697852461136556e+02
3.037588700753246e+02
3.062361836726632e+02
2.494897239331377e+02
2.452281193346917e+02
1.958999218939294e+02
1.155358389880112e+02
2.856705377600619e+02
3.548393245444082e+02
2.323211733931375e+02
2.957369239374684e+02
2.889752682476899e+02
3.265842589726005e+02
1.859722027387426e+02
2.376878018027008e+02
2.394937896625061e+02
1.371684278918291e+02
3.021845578125990e+02
3.125199939529166e+02
1.130343527447221e+02
0.000000000000000e+00
0.000000000000000e+00
3.158865938977440e+02
1.757316880217655e+02
3.322883554206255e+02
3.238475390937832e+02
3.231522536302462e+02
3.282921197617885e+02
3.112694036010063e+02
1.128201877541731e+02
0.000000000000000e+00
0.000000000000000e+00
0.000000000000000e+00
0.000000000000000e+00
0.000000000000000e+00
0.000000000000000e+00
0.000000000000000e+00
0.000000000000000e+00
0.000000000000000e+00
0.000000000000000e+00
0.000000000000000e+00
3.500160223524068e+02
3.147958690555669e+02
2.438045371436637e+02
2.563779456238619e+02
2.205796550014106e+02
1.950042639877236e+02
3.426161155791390e+02
2.166377819743667e+02
2.513694759991310e+02
1.678647205804425e+02
2.728323983674505e+02
1.317317453572044e+02
2.751350565397477e+02
2.383424060074880e+02
2.592201857515041e+02
2.076215954540653e+02
3.878180434525709e+02
3.719014461477157e+02
2.165926684561611e+02
2.713181298459965e+02
3.090140904979638e+02
1.421722680115008e+02
3.303059347755841e+02
1.591396481105406e+02
2.027377039888061e+02
2.156915154823869e+02
2.731135273699014e+02
3.686075855168581e+02
1.876686046022491e+02
2.030536831028510e+02
3.095523483985677e+02
2.186959245353423e+02
3.150943909634877e+02
1.816770412734928e+02
2.199161533667835e+02
2.397689180602294e+02
2.519107126914786e+02
3.180197193138312e+02
2.369289048566590e+02
1.804303725478233e+02
2.700504932922125e+02
2.297186409685732e+02
2.712020510445277e+02
1.754861283608834e+02
2.203877495780376e+02
2.669469291485060e+02
2.693854937325702e+02
3.548455255054558e+02
2.468597089703386e+02
2.658430771528415e+02
2.584903623435583e+02
2.714562967426858e+02
2.899621666308753e+02
0.000000000000000e+00
0.000000000000000e+00
0.000000000000000e+00
0.000000000000000e+00
3.415905094528630e+02
1.910528166851392e+02
2.507908185933646e+02
1.962057378971900e+02
2.561469013243897e+02
0.000000000000000e+00
0.000000000000000e+00
0.000000000000000e+00
0.000000000000000e+00
0.000000000000000e+00
0.000000000000000e+00
1.667208158883877e+02
3.058006358623090e+02
2.161259321957863e+02
0.000000000000000e+00
0.000000000000000e+00
0.000000000000000e+00
0.000000000000000e+00
0.000000000000000e+00
0.000000000000000e+00
0.000000000000000e+00
1.928994025027918e+02
3.420476568315162e+02
2.047389887766600e+02
0.000000000000000e+00
0.000000000000000e+00
0.000000000000000e+00
0.000000000000000e+00
0.000000000000000e+00
0.000000000000000e+00
0.000000000000000e+00
1.839903854795581e+02
3.458026416732720e+02
1.960688947513294e+02
0.000000000000000e+00
0.000000000000000e+00
0.000000000000000e+00
0.000000000000000e+00
0.000000000000000e+00
0.000000000000000e+00
0.000000000000000e+00
1.449053975996803e+02
3.743074994559957e+02
2.080420131579891e+02
1.703982793782846e+02
2.572913116336870e+02
0.000000000000000e+00
0.000000000000000e+00
0.000000000000000e+00
0.000000000000000e+00
2.587066710432632e+02
1.049394551247850e+02
2.050993024777555e+02
2.630663217420508e+02
2.401219348404033e+02
2.628944967080485e+02
2.684258259726747e+02
1.601804684084057e+02
2.034453887405925e+02
1.868829808584879e+02
3.160635672754547e+02
2.280524321817021e+02
2.558490700074704e+02
2.846928786210498e+02
3.006644936617894e+02
2.532713330488567e+02
2.250358396116281e+02
2.131313574352268e+02
1.222167465506814e+02
3.314316153489900e+02
3.781003723296599e+02
2.776686061790217e+02
0.000000000000000e+00
2.951990694746792e+02
3.318970769534000e+02
1.503726711460859e+02
2.144237956209174e+02
3.507369954241842e+02
1.223547362107026e+02
3.441912096243810e+02
2.733086176444402e+02
1.033659638488970e+02
0.000000000000000e+00
0.000000000000000e+00
0.000000000000000e+00
3.141893527002966e+02
1.312250932598857e+02
4.195473166516975e+02
2.069748893388337e+02
2.262272845144122e+02
0.000000000000000e+00
0.000000000000000e+00
1.493563560124242e+02
2.494435893693441e+02
1.858320666915094e+02
2.628308356798014e+02
2.308050478059548e+02
2.704217903405878e+02
2.051494563514344e+02
4.011090599075311e+02
3.240822274726970e+02
1.924647471595749e+02
2.705920526689221e+02
3.275526920436400e+02
2.299418496197500e+02
3.171784296365763e+02
1.470963253337938e+02
2.089669788229724e+02
2.243575720430886e+02
3.107924683432962e+02
3.157284376644911e+02
2.089481894811115e+02
1.966717081866857e+02
3.077770889300610e+02
2.266740075934565e+02
2.472327817885450e+02
1.941048305210066e+02
2.268775150826271e+02
2.707788952270822e+02
2.414928645276135e+02
3.104292239033003e+02
2.465058581525984e+02
2.583374266385633e+02
2.665148831727973e+02
3.269337368286025e+02
2.500593158047625e+02
0.000000000000000e+00
0.000000000000000e+00
0.000000000000000e+00
0.000000000000000e+00
3.711572202778394e+02
1.964929576185606e+02
2.499892257483179e+02
2.029621759532609e+02
2.846480344021474e+02
0.000000000000000e+00
0.000000000000000e+00
0.000000000000000e+00
0.000000000000000e+00
0.000000000000000e+00
0.000000000000000e+00
1.929563857592495e+02
4.276469536910510e+02
1.935839944832621e+02
0.000000000000000e+00
0.000000000000000e+00
0.000000000000000e+00
0.000000000000000e+00
0.000000000000000e+00
0.000000000000000e+00
0.000000000000000e+00
0.000000000000000e+00
4.756224712465101e+02
0.000000000000000e+00
0.000000000000000e+00
0.000000000000000e+00
0.000000000000000e+00
0.000000000000000e+00
0.000000000000000e+00
0.000000000000000e+00
0.000000000000000e+00
0.000000000000000e+00
4.723175099403441e+02
0.000000000000000e+00
0.000000000000000e+00
0.000000000000000e+00
0.000000000000000e+00
0.000000000000000e+00
0.000000000000000e+00
0.000000000000000e+00
0.000000000000000e+00
0.000000000000000e+00
4.135446879415452e+02
0.000000000000000e+00
0.000000000000000e+00
0.000000000000000e+00
0.000000000000000e+00
0.000000000000000e+00
0.000000000000000e+00
0.000000000000000e+00
0.000000000000000e+00
0.000000000000000e+00
4.126761447918287e+02
0.000000000000000e+00
0.000000000000000e+00
0.000000000000000e+00
0.000000000000000e+00
0.000000000000000e+00
0.000000000000000e+00
0.000000000000000e+00
0.000000000000000e+00
0.000000000000000e+00
4.327233949857271e+02
1.862178773585825e+02
0.000000000000000e+00
0.000000000000000e+00
0.000000000000000e+00
0.000000000000000e+00
0.000000000000000e+00
0.000000000000000e+00
0.000000000000000e+00
0.000000000000000e+00
3.759539142921345e+02
1.886263638202062e+02
1.604972913038561e+02
0.000000000000000e+00
0.000000000000000e+00
0.000000000000000e+00
0.000000000000000e+00
0.000000000000000e+00
2.564848807679112e+02
1.032911693039405e+02
2.176749377253809e+02
2.784720098487904e+02
2.492448111942844e+02
2.601014863634132e+02
2.650343382043966e+02
1.602705781571753e+02
2.189618372035714e+02
1.531200131018041e+02
3.296337559283971e+02
2.521192527825903e+02
3.235929236856934e+02
2.966118789289895e+02
3.090877286922134e+02
1.648428690360753e+02
2.509866885525219e+02
2.112353879318657e+02
1.294977498089464e+02
2.752809681295749e+02
3.278765873565472e+02
2.628619734251733e+02
0.000000000000000e+00
3.740045810935028e+02
3.399548389716108e+02
2.456618089925360e+02
2.378192710015055e+02
2.060936378851218e+02
1.832359822391812e+02
3.462863714945184e+02
1.696476631928272e+02
2.447342527412107e+02
2.472258134240640e+02
3.074079910635056e+02
1.246592472573132e+02
3.389805606793958e+02
1.368358893208390e+02
2.149150325594753e+02
2.327733147799310e+02
3.019108279362201e+02
3.544803534546182e+02
2.089604840150691e+02
2.138926360474547e+02
3.601883667706571e+02
3.904722095115237e+02
2.463936127612261e+02
1.968541108782854e+02
2.399697937833720e+02
2.901312718661407e+02
2.215471732877504e+02
4.043238077937845e+02
2.564310016226518e+02
2.527994988495411e+02
2.273266164778239e+02
3.610974274975322e+02
0.000000000000000e+00
0.000000000000000e+00
0.000000000000000e+00
0.000000000000000e+00
0.000000000000000e+00
3.586193398176231e+02
1.970034032199331e+02
3.888159513247837e+02
2.141654125510115e+02
0.000000000000000e+00
0.000000000000000e+00
0.000000000000000e+00
0.000000000000000e+00
0.000000000000000e+00
0.000000000000000e+00
0.000000000000000e+00
0.000000000000000e+00
4.304926580993990e+02
0.000000000000000e+00
0.000000000000000e+00
0.000000000000000e+00
0.000000000000000e+00
0.000000000000000e+00
0.000000000000000e+00
0.000000000000000e+00
0.000000000000000e+00
0.000000000000000e+00
0.000000000000000e+00
0.000000000000000e+00
0.000000000000000e+00
0.000000000000000e+00
0.000000000000000e+00
0.000000000000000e+00
0.000000000000000e+00
0.000000000000000e+00
0.000000000000000e+00
0.000000000000000e+00
0.000000000000000e+00
0.000000000000000e+00
0.000000000000000e+00
0.000000000000000e+00
0.000000000000000e+00
0.000000000000000e+00
0.000000000000000e+00
0.000000000000000e+00
0.000000000000000e+00
0.000000000000000e+00
0.000000000000000e+00
0.000000000000000e+00
0.000000000000000e+00
0.000000000000000e+00
0.000000000000000e+00
0.000000000000000e+00
0.000000000000000e+00
0.000000000000000e+00
0.000000000000000e+00
0.000000000000000e+00
0.000000000000000e+00
0.000000000000000e+00
0.000000000000000e+00
0.000000000000000e+00
0.000000000000000e+00
0.000000000000000e+00
0.000000000000000e+00
0.000000000000000e+00
0.000000000000000e+00
0.000000000000000e+00
0.000000000000000e+00
0.000000000000000e+00
0.000000000000000e+00
0.000000000000000e+00
0.000000000000000e+00
0.000000000000000e+00
0.000000000000000e+00
0.000000000000000e+00
0.000000000000000e+00
0.000000000000000e+00
0.000000000000000e+00
0.000000000000000e+00
0.000000000000000e+00
0.000000000000000e+00
0.000000000000000e+00
0.000000000000000e+00
0.000000000000000e+00
0.000000000000000e+00
0.000000000000000e+00
0.000000000000000e+00
4.433302958367916e+02
0.000000000000000e+00
0.000000000000000e+00
0.000000000000000e+00
0.000000000000000e+00
0.000000000000000e+00
0.000000000000000e+00
0.000000000000000e+00
0.000000000000000e+00
0.000000000000000e+00
3.512199040543299e+02
2.001299327051489e+02
1.554735611914430e+02
0.000000000000000e+00
0.000000000000000e+00
0.000000000000000e+00
0.000000000000000e+00
0.000000000000000e+00
2.570087611014599e+02
9.874434193247615e+01
2.656807581314694e+02
2.838056905729824e+02
2.428351252148443e+02
2.293161843266661e+02
2.117054948172244e+02
1.816528947855511e+02
2.394052390133426e+02
2.927046414852824e+02
2.721280609431955e+02
2.073662620673764e+02
1.548257324425736e+02
2.385361688289961e+02
1.625222803043195e+02
2.234529820258397e+02
2.459835024600425e+02
2.675602416609405e+02
2.671732093913519e+02
4.232127341412551e+02
3.132860176265570e+02
2.114240307466416e+02
2.669724855500955e+02
3.958942607239732e+02
2.689649769500787e+02
2.409751080350039e+02
1.505650173047157e+02
2.282356169395277e+02
3.092177919081209e+02
2.002252900363562e+02
2.874198570220915e+02
2.707789982132870e+02
2.544518038870646e+02
2.525515758589821e+02
0.000000000000000e+00
0.000000000000000e+00
0.000000000000000e+00
0.000000000000000e+00
0.000000000000000e+00
0.000000000000000e+00
0.000000000000000e+00
2.271003303022680e+02
3.310936321084719e+02
0.000000000000000e+00
0.000000000000000e+00
0.000000000000000e+00
0.000000000000000e+00
0.000000000000000e+00
0.000000000000000e+00
0.000000000000000e+00
0.000000000000000e+00
0.000000000000000e+00
0.000000000000000e+00
0.000000000000000e+00
0.000000000000000e+00
0.000000000000000e+00
0.000000000000000e+00
0.000000000000000e+00
0.000000000000000e+00
0.000000000000000e+00
0.000000000000000e+00
0.000000000000000e+00
0.000000000000000e+00
0.000000000000000e+00
0.000000000000000e+00
0.000000000000000e+00
0.000000000000000e+00
0.000000000000000e+00
0.000000000000000e+00
0.000000000000000e+00
0.000000000000000e+00
0.000000000000000e+00
0.000000000000000e+00
0.000000000000000e+00
0.000000000000000e+00
0.000000000000000e+00
0.000000000000000e+00
0.000000000000000e+00
0.000000000000000e+00
0.000000000000000e+00
0.000000000000000e+00
0.000000000000000e+00
0.000000000000000e+00
0.000000000000000e+00
0.000000000000000e+00
0.000000000000000e+00
0.000000000000000e+00
0.000000000000000e+00
0.000000000000000e+00
0.000000000000000e+00
0.000000000000000e+00
0.000000000000000e+00
0.000000000000000e+00
0.000000000000000e+00
0.000000000000000e+00
0.000000000000000e+00
0.000000000000000e+00
0.000000000000000e+00
0.000000000000000e+00
0.000000000000000e+00
0.000000000000000e+00
0.000000000000000e+00
0.000000000000000e+00
0.000000000000000e+00
0.000000000000000e+00
0.000000000000000e+00
0.000000000000000e+00
0.000000000000000e+00
0.000000000000000e+00
0.000000000000000e+00
0.000000000000000e+00
0.000000000000000e+00
0.000000000000000e+00
0.000000000000000e+00
0.000000000000000e+00
0.000000000000000e+00
0.000000000000000e+00
0.000000000000000e+00
0.000000000000000e+00
0.000000000000000e+00
0.000000000000000e+00
0.000000000000000e+00
0.000000000000000e+00
0.000000000000000e+00
0.000000000000000e+00
0.000000000000000e+00
0.000000000000000e+00
0.000000000000000e+00
0.000000000000000e+00
0.000000000000000e+00
0.000000000000000e+00
0.000000000000000e+00
0.000000000000000e+00
0.000000000000000e+00
0.000000000000000e+00
0.000000000000000e+00
0.000000000000000e+00
0.000000000000000e+00
0.000000000000000e+00
0.000000000000000e+00
0.000000000000000e+00
0.000000000000000e+00
4.304775031457943e+02
0.000000000000000e+00
0.000000000000000e+00
0.000000000000000e+00
0.000000000000000e+00
0.000000000000000e+00
0.000000000000000e+00
0.000000000000000e+00
0.000000000000000e+00
0.000000000000000e+00
2.601007540075983e+02
2.861736017115132e+02
1.611191096618230e+02
2.238760416625535e+02
2.797391313115405e+02
1.472473637564910e+02
0.000000000000000e+00
1.248333375589432e+02
2.616515221642248e+02
8.052243999632726e+01
2.803154904764936e+02
2.923292542885035e+02
1.004738282707292e+02
3.207168917555370e+02
1.375746642186745e+02
2.085180872321575e+02
2.075356522620615e+02
2.466284892446360e+02
3.095018146399977e+02
2.086127030626238e+02
2.446496559948345e+02
2.421173521454982e+02
4.226116776480615e+02
0.000000000000000e+00
0.000000000000000e+00
0.000000000000000e+00
0.000000000000000e+00
0.000000000000000e+00
3.686699383048334e+02
1.959768136073100e+02
3.730577371783298e+02
0.000000000000000e+00
0.000000000000000e+00
0.000000000000000e+00
0.000000000000000e+00
0.000000000000000e+00
0.000000000000000e+00
0.000000000000000e+00
0.000000000000000e+00
0.000000000000000e+00
0.000000000000000e+00
0.000000000000000e+00
0.000000000000000e+00
0.000000000000000e+00
0.000000000000000e+00
0.000000000000000e+00
0.000000000000000e+00
0.000000000000000e+00
0.000000000000000e+00
0.000000000000000e+00
0.000000000000000e+00
0.000000000000000e+00
0.000000000000000e+00
0.000000000000000e+00
0.000000000000000e+00
0.000000000000000e+00
0.000000000000000e+00
0.000000000000000e+00
0.000000000000000e+00
0.000000000000000e+00
0.000000000000000e+00
0.000000000000000e+00
0.000000000000000e+00
0.000000000000000e+00
0.000000000000000e+00
0.000000000000000e+00
0.000000000000000e+00
0.000000000000000e+00
0.000000000000000e+00
0.000000000000000e+00
0.000000000000000e+00
0.000000000000000e+00
0.000000000000000e+00
0.000000000000000e+00
0.000000000000000e+00
0.000000000000000e+00
0.000000000000000e+00
0.000000000000000e+00
0.000000000000000e+00
0.000000000000000e+00
0.000000000000000e+00
0.000000000000000e+00
0.000000000000000e+00
0.000000000000000e+00
0.000000000000000e+00
0.000000000000000e+00
0.000000000000000e+00
0.000000000000000e+00
0.000000000000000e+00
0.000000000000000e+00
0.000000000000000e+00
0.000000000000000e+00
0.000000000000000e+00
0.000000000000000e+00
0.000000000000000e+00
0.000000000000000e+00
0.000000000000000e+00
0.000000000000000e+00
0.000000000000000e+00
0.000000000000000e+00
0.000000000000000e+00
0.000000000000000e+00
0.000000000000000e+00
0.000000000000000e+00
0.000000000000000e+00
0.000000000000000e+00
0.000000000000000e+00
0.000000000000000e+00
0.000000000000000e+00
0.000000000000000e+00
0.000000000000000e+00
0.000000000000000e+00
0.000000000000000e+00
0.000000000000000e+00
0.000000000000000e+00
0.000000000000000e+00
0.000000000000000e+00
0.000000000000000e+00
0.000000000000000e+00
0.000000000000000e+00
0.000000000000000e+00
0.000000000000000e+00
0.000000000000000e+00
0.000000000000000e+00
0.000000000000000e+00
0.000000000000000e+00
0.000000000000000e+00
0.000000000000000e+00
0.000000000000000e+00
0.000000000000000e+00
0.000000000000000e+00
0.000000000000000e+00
0.000000000000000e+00
0.000000000000000e+00
0.000000000000000e+00
0.000000000000000e+00
0.000000000000000e+00
0.000000000000000e+00
0.000000000000000e+00
0.000000000000000e+00
0.000000000000000e+00
0.000000000000000e+00
0.000000000000000e+00
0.000000000000000e+00
0.000000000000000e+00
0.000000000000000e+00
0.000000000000000e+00
0.000000000000000e+00
0.000000000000000e+00
0.000000000000000e+00
3.603713623989743e+02
2.111022900064763e+02
0.000000000000000e+00
0.000000000000000e+00
0.000000000000000e+00
0.000000000000000e+00
0.000000000000000e+00
0.000000000000000e+00
0.000000000000000e+00
0.000000000000000e+00
3.010400381984579e+02
3.324474682775960e+02
2.621141306224588e+02
2.304416969975897e+02
1.359961648506257e+02
1.982828757510971e+02
3.050416357069038e+02
2.006295757131129e+02
2.456817076860867e+02
2.211174534245490e+02
3.622105418612074e+02
0.000000000000000e+00
0.000000000000000e+00
0.000000000000000e+00
0.000000000000000e+00
0.000000000000000e+00
0.000000000000000e+00
0.000000000000000e+00
0.000000000000000e+00
0.000000000000000e+00
0.000000000000000e+00
0.000000000000000e+00
0.000000000000000e+00
0.000000000000000e+00
0.000000000000000e+00
0.000000000000000e+00
0.000000000000000e+00
0.000000000000000e+00
0.000000000000000e+00
0.000000000000000e+00
0.000000000000000e+00
0.000000000000000e+00
0.000000000000000e+00
0.000000000000000e+00
0.000000000000000e+00
0.000000000000000e+00
0.000000000000000e+00
0.000000000000000e+00
0.000000000000000e+00
0.000000000000000e+00
0.000000000000000e+00
0.000000000000000e+00
0.000000000000000e+00
0.000000000000000e+00
0.000000000000000e+00
0.000000000000000e+00
0.000000000000000e+00
0.000000000000000e+00
0.000000000000000e+00
0.000000000000000e+00
0.000000000000000e+00
0.000000000000000e+00
0.000000000000000e+00
0.000000000000000e+00
0.000000000000000e+00
0.000000000000000e+00
0.000000000000000e+00
0.000000000000000e+00
0.000000000000000e+00
0.000000000000000e+00
0.000000000000000e+00
0.000000000000000e+00
0.000000000000000e+00
0.000000000000000e+00
0.000000000000000e+00
0.000000000000000e+00
0.000000000000000e+00
0.000000000000000e+00
0.000000000000000e+00
0.000000000000000e+00
0.000000000000000e+00
0.000000000000000e+00
0.000000000000000e+00
0.000000000000000e+00
0.000000000000000e+00
0.000000000000000e+00
0.000000000000000e+00
0.000000000000000e+00
0.000000000000000e+00
0.000000000000000e+00
0.000000000000000e+00
0.000000000000000e+00
0.000000000000000e+00
0.000000000000000e+00
0.000000000000000e+00
0.000000000000000e+00
0.000000000000000e+00
0.000000000000000e+00
0.000000000000000e+00
0.000000000000000e+00
0.000000000000000e+00
0.000000000000000e+00
0.000000000000000e+00
0.000000000000000e+00
0.000000000000000e+00
0.000000000000000e+00
0.000000000000000e+00
0.000000000000000e+00
0.000000000000000e+00
0.000000000000000e+00
0.000000000000000e+00
0.000000000000000e+00
0.000000000000000e+00
0.000000000000000e+00
0.000000000000000e+00
0.000000000000000e+00
0.000000000000000e+00
0.000000000000000e+00
0.000000000000000e+00
0.000000000000000e+00
0.000000000000000e+00
0.000000000000000e+00
0.000000000000000e+00
0.000000000000000e+00
0.000000000000000e+00
0.000000000000000e+00
0.000000000000000e+00
0.000000000000000e+00
0.000000000000000e+00
0.000000000000000e+00
0.000000000000000e+00
0.000000000000000e+00
0.000000000000000e+00
0.000000000000000e+00
0.000000000000000e+00
0.000000000000000e+00
0.000000000000000e+00
0.000000000000000e+00
0.000000000000000e+00
0.000000000000000e+00
0.000000000000000e+00
0.000000000000000e+00
0.000000000000000e+00
0.000000000000000e+00
0.000000000000000e+00
0.000000000000000e+00
0.000000000000000e+00
0.000000000000000e+00
0.000000000000000e+00
0.000000000000000e+00
3.938915122151896e+02
0.000000000000000e+00
0.000000000000000e+00
0.000000000000000e+00
0.000000000000000e+00
0.000000000000000e+00
0.000000000000000e+00
0.000000000000000e+00
0.000000000000000e+00
0.000000000000000e+00
2.743312459967859e+02
2.029805313559000e+02
4.865302819791456e+02
0.000000000000000e+00
0.000000000000000e+00
0.000000000000000e+00
0.000000000000000e+00
0.000000000000000e+00
3.218481430571529e+02
1.458902786230512e+02
0.000000000000000e+00
0.000000000000000e+00
0.000000000000000e+00
0.000000000000000e+00
0.000000000000000e+00
0.000000000000000e+00
0.000000000000000e+00
0.000000000000000e+00
0.000000000000000e+00
0.000000000000000e+00
0.000000000000000e+00
0.000000000000000e+00
0.000000000000000e+00
0.000000000000000e+00
0.000000000000000e+00
0.000000000000000e+00
0.000000000000000e+00
0.000000000000000e+00
0.000000000000000e+00
0.000000000000000e+00
0.000000000000000e+00
0.000000000000000e+00
0.000000000000000e+00
0.000000000000000e+00
0.000000000000000e+00
0.000000000000000e+00
0.000000000000000e+00
0.000000000000000e+00
0.000000000000000e+00
0.000000000000000e+00
0.000000000000000e+00
0.000000000000000e+00
0.000000000000000e+00
0.000000000000000e+00
0.000000000000000e+00
0.000000000000000e+00
0.000000000000000e+00
0.000000000000000e+00
0.000000000000000e+00
0.000000000000000e+00
0.000000000000000e+00
0.000000000000000e+00
0.000000000000000e+00
0.000000000000000e+00
0.000000000000000e+00
0.000000000000000e+00
0.000000000000000e+00
0.000000000000000e+00
0.000000000000000e+00
0.000000000000000e+00
0.000000000000000e+00
0.000000000000000e+00
0.000000000000000e+00
0.000000000000000e+00
0.000000000000000e+00
0.000000000000000e+00
0.000000000000000e+00
0.000000000000000e+00
0.000000000000000e+00
0.000000000000000e+00
0.000000000000000e+00
0.000000000000000e+00
0.000000000000000e+00
0.000000000000000e+00
0.000000000000000e+00
0.000000000000000e+00
0.000000000000000e+00
0.000000000000000e+00
0.000000000000000e+00
0.000000000000000e+00
0.000000000000000e+00
0.000000000000000e+00
0.000000000000000e+00
0.000000000000000e+00
0.000000000000000e+00
0.000000000000000e+00
0.000000000000000e+00
0.000000000000000e+00
0.000000000000000e+00
0.000000000000000e+00
0.000000000000000e+00
0.000000000000000e+00
0.000000000000000e+00
0.000000000000000e+00
0.000000000000000e+00
0.000000000000000e+00
0.000000000000000e+00
0.000000000000000e+00
0.000000000000000e+00
0.000000000000000e+00
0.000000000000000e+00
0.000000000000000e+00
0.000000000000000e+00
0.000000000000000e+00
0.000000000000000e+00
0.000000000000000e+00
0.000000000000000e+00
0.000000000000000e+00
0.000000000000000e+00
0.000000000000000e+00
0.000000000000000e+00
0.000000000000000e+00
0.000000000000000e+00
0.000000000000000e+00
0.000000000000000e+00
0.000000000000000e+00
0.000000000000000e+00
0.000000000000000e+00
0.000000000000000e+00
0.000000000000000e+00
0.000000000000000e+00
0.000000000000000e+00
0.000000000000000e+00
0.000000000000000e+00
0.000000000000000e+00
0.000000000000000e+00
0.000000000000000e+00
0.000000000000000e+00
0.000000000000000e+00
0.000000000000000e+00
0.000000000000000e+00
0.000000000000000e+00
0.000000000000000e+00
0.000000000000000e+00
0.000000000000000e+00
0.000000000000000e+00
0.000000000000000e+00
0.000000000000000e+00
0.000000000000000e+00
0.000000000000000e+00
0.000000000000000e+00
0.000000000000000e+00
0.000000000000000e+00
0.000000000000000e+00
0.000000000000000e+00
0.000000000000000e+00
0.000000000000000e+00
0.000000000000000e+00
0.000000000000000e+00
0.000000000000000e+00
3.425130486748619e+02
0.000000000000000e+00
0.000000000000000e+00
0.000000000000000e+00
0.000000000000000e+00
0.000000000000000e+00
0.000000000000000e+00
0.000000000000000e+00
0.000000000000000e+00
0.000000000000000e+00
0.000000000000000e+00
0.000000000000000e+00
0.000000000000000e+00
0.000000000000000e+00
0.000000000000000e+00
0.000000000000000e+00
0.000000000000000e+00
0.000000000000000e+00
0.000000000000000e+00
0.000000000000000e+00
0.000000000000000e+00
0.000000000000000e+00
0.000000000000000e+00
0.000000000000000e+00
0.000000000000000e+00
0.000000000000000e+00
0.000000000000000e+00
0.000000000000000e+00
0.000000000000000e+00
0.000000000000000e+00
0.000000000000000e+00
0.000000000000000e+00
0.000000000000000e+00
0.000000000000000e+00
0.000000000000000e+00
0.000000000000000e+00
0.000000000000000e+00
0.000000000000000e+00
0.000000000000000e+00
0.000000000000000e+00
0.000000000000000e+00
0.000000000000000e+00
0.000000000000000e+00
0.000000000000000e+00
0.000000000000000e+00
0.000000000000000e+00
0.000000000000000e+00
0.000000000000000e+00
0.000000000000000e+00
0.000000000000000e+00
0.000000000000000e+00
0.000000000000000e+00
0.000000000000000e+00
0.000000000000000e+00
0.000000000000000e+00
0.000000000000000e+00
0.000000000000000e+00
0.000000000000000e+00
0.000000000000000e+00
0.000000000000000e+00
0.000000000000000e+00
0.000000000000000e+00
0.000000000000000e+00
0.000000000000000e+00
0.000000000000000e+00
0.000000000000000e+00
0.000000000000000e+00
0.000000000000000e+00
0.000000000000000e+00
0.000000000000000e+00
0.000000000000000e+00
0.000000000000000e+00
0.000000000000000e+00
0.000000000000000e+00
0.000000000000000e+00
0.000000000000000e+00
0.000000000000000e+00
0.000000000000000e+00
0.000000000000000e+00
0.000000000000000e+00
0.000000000000000e+00
0.000000000000000e+00
0.000000000000000e+00
0.000000000000000e+00
0.000000000000000e+00
0.000000000000000e+00
0.000000000000000e+00
0.000000000000000e+00
0.000000000000000e+00
0.000000000000000e+00
0.000000000000000e+00
0.000000000000000e+00
0.000000000000000e+00
0.000000000000000e+00
0.000000000000000e+00
0.000000000000000e+00
0.000000000000000e+00
0.000000000000000e+00
0.000000000000000e+00
0.000000000000000e+00
0.000000000000000e+00
0.000000000000000e+00
0.000000000000000e+00
0.000000000000000e+00
0.000000000000000e+00
0.000000000000000e+00
0.000000000000000e+00
0.000000000000000e+00
0.000000000000000e+00
0.000000000000000e+00
0.000000000000000e+00
0.000000000000000e+00
0.000000000000000e+00
0.000000000000000e+00
0.000000000000000e+00
0.000000000000000e+00
0.000000000000000e+00
0.000000000000000e+00
0.000000000000000e+00
0.000000000000000e+00
0.000000000000000e+00
0.000000000000000e+00
0.000000000000000e+00
0.000000000000000e+00
0.000000000000000e+00
0.000000000000000e+00
0.000000000000000e+00
0.000000000000000e+00
0.000000000000000e+00
0.000000000000000e+00
0.000000000000000e+00
0.000000000000000e+00
0.000000000000000e+00
0.000000000000000e+00
0.000000000000000e+00
0.000000000000000e+00
0.000000000000000e+00
0.000000000000000e+00
0.000000000000000e+00
0.000000000000000e+00
0.000000000000000e+00
0.000000000000000e+00
0.000000000000000e+00
0.000000000000000e+00
0.000000000000000e+00
0.000000000000000e+00
0.000000000000000e+00
0.000000000000000e+00
0.000000000000000e+00
0.000000000000000e+00
/
