PORO
0.000000000000000e+00
0.000000000000000e+00
0.000000000000000e+00
0.000000000000000e+00
0.000000000000000e+00
0.000000000000000e+00
0.000000000000000e+00
0.000000000000000e+00
0.000000000000000e+00
0.000000000000000e+00
0.000000000000000e+00
0.000000000000000e+00
0.000000000000000e+00
0.000000000000000e+00
0.000000000000000e+00
0.000000000000000e+00
0.000000000000000e+00
0.000000000000000e+00
0.000000000000000e+00
0.000000000000000e+00
0.000000000000000e+00
0.000000000000000e+00
0.000000000000000e+00
0.000000000000000e+00
0.000000000000000e+00
0.000000000000000e+00
0.000000000000000e+00
0.000000000000000e+00
0.000000000000000e+00
0.000000000000000e+00
0.000000000000000e+00
0.000000000000000e+00
0.000000000000000e+00
0.000000000000000e+00
0.000000000000000e+00
0.000000000000000e+00
0.000000000000000e+00
0.000000000000000e+00
0.000000000000000e+00
0.000000000000000e+00
0.000000000000000e+00
0.000000000000000e+00
0.000000000000000e+00
0.000000000000000e+00
0.000000000000000e+00
0.000000000000000e+00
0.000000000000000e+00
0.000000000000000e+00
0.000000000000000e+00
0.000000000000000e+00
0.000000000000000e+00
0.000000000000000e+00
0.000000000000000e+00
0.000000000000000e+00
0.000000000000000e+00
0.000000000000000e+00
0.000000000000000e+00
0.000000000000000e+00
0.000000000000000e+00
0.000000000000000e+00
0.000000000000000e+00
0.000000000000000e+00
0.000000000000000e+00
0.000000000000000e+00
0.000000000000000e+00
0.000000000000000e+00
0.000000000000000e+00
0.000000000000000e+00
0.000000000000000e+00
0.000000000000000e+00
0.000000000000000e+00
0.000000000000000e+00
0.000000000000000e+00
0.000000000000000e+00
0.000000000000000e+00
0.000000000000000e+00
0.000000000000000e+00
0.000000000000000e+00
0.000000000000000e+00
0.000000000000000e+00
0.000000000000000e+00
0.000000000000000e+00
0.000000000000000e+00
0.000000000000000e+00
0.000000000000000e+00
0.000000000000000e+00
0.000000000000000e+00
0.000000000000000e+00
0.000000000000000e+00
0.000000000000000e+00
0.000000000000000e+00
0.000000000000000e+00
0.000000000000000e+00
0.000000000000000e+00
0.000000000000000e+00
0.000000000000000e+00
0.000000000000000e+00
0.000000000000000e+00
0.000000000000000e+00
0.000000000000000e+00
0.000000000000000e+00
0.000000000000000e+00
0.000000000000000e+00
0.000000000000000e+00
0.000000000000000e+00
0.000000000000000e+00
0.000000000000000e+00
0.000000000000000e+00
0.000000000000000e+00
0.000000000000000e+00
0.000000000000000e+00
0.000000000000000e+00
0.000000000000000e+00
0.000000000000000e+00
0.000000000000000e+00
0.000000000000000e+00
0.000000000000000e+00
0.000000000000000e+00
0.000000000000000e+00
0.000000000000000e+00
0.000000000000000e+00
0.000000000000000e+00
0.000000000000000e+00
0.000000000000000e+00
0.000000000000000e+00
0.000000000000000e+00
0.000000000000000e+00
0.000000000000000e+00
0.000000000000000e+00
0.000000000000000e+00
0.000000000000000e+00
0.000000000000000e+00
0.000000000000000e+00
0.000000000000000e+00
0.000000000000000e+00
0.000000000000000e+00
0.000000000000000e+00
0.000000000000000e+00
0.000000000000000e+00
0.000000000000000e+00
0.000000000000000e+00
0.000000000000000e+00
0.000000000000000e+00
0.000000000000000e+00
0.000000000000000e+00
0.000000000000000e+00
0.000000000000000e+00
0.000000000000000e+00
0.000000000000000e+00
0.000000000000000e+00
0.000000000000000e+00
0.000000000000000e+00
0.000000000000000e+00
0.000000000000000e+00
0.000000000000000e+00
0.000000000000000e+00
0.000000000000000e+00
0.000000000000000e+00
0.000000000000000e+00
0.000000000000000e+00
0.000000000000000e+00
0.000000000000000e+00
0.000000000000000e+00
0.000000000000000e+00
0.000000000000000e+00
0.000000000000000e+00
0.000000000000000e+00
0.000000000000000e+00
0.000000000000000e+00
0.000000000000000e+00
0.000000000000000e+00
0.000000000000000e+00
0.000000000000000e+00
0.000000000000000e+00
0.000000000000000e+00
0.000000000000000e+00
0.000000000000000e+00
0.000000000000000e+00
0.000000000000000e+00
0.000000000000000e+00
0.000000000000000e+00
0.000000000000000e+00
0.000000000000000e+00
0.000000000000000e+00
0.000000000000000e+00
0.000000000000000e+00
0.000000000000000e+00
0.000000000000000e+00
0.000000000000000e+00
0.000000000000000e+00
0.000000000000000e+00
0.000000000000000e+00
0.000000000000000e+00
0.000000000000000e+00
0.000000000000000e+00
0.000000000000000e+00
0.000000000000000e+00
0.000000000000000e+00
0.000000000000000e+00
0.000000000000000e+00
0.000000000000000e+00
0.000000000000000e+00
0.000000000000000e+00
0.000000000000000e+00
0.000000000000000e+00
0.000000000000000e+00
0.000000000000000e+00
0.000000000000000e+00
0.000000000000000e+00
0.000000000000000e+00
0.000000000000000e+00
0.000000000000000e+00
0.000000000000000e+00
0.000000000000000e+00
2.232262008149800e-01
2.405675419138834e-01
2.033579635870138e-01
2.234172475490901e-01
0.000000000000000e+00
0.000000000000000e+00
0.000000000000000e+00
0.000000000000000e+00
0.000000000000000e+00
2.244159437526974e-01
2.283671922701505e-01
2.318552573891346e-01
2.083417987612526e-01
2.257759721751310e-01
2.251816317816608e-01
0.000000000000000e+00
0.000000000000000e+00
0.000000000000000e+00
2.287533256753851e-01
2.271859376602897e-01
2.319360056964518e-01
2.303668194896986e-01
2.123478309331623e-01
2.263140445982210e-01
2.366890372247445e-01
0.000000000000000e+00
0.000000000000000e+00
0.000000000000000e+00
2.267734410015134e-01
2.216421137778857e-01
2.327764782438089e-01
2.280956873008851e-01
2.147131002654201e-01
2.292180885095630e-01
2.394321783885130e-01
0.000000000000000e+00
0.000000000000000e+00
0.000000000000000e+00
2.264502691936685e-01
2.171116237741574e-01
2.351150871486468e-01
2.328109055273564e-01
2.165713989536937e-01
2.310799853228701e-01
2.352454087079123e-01
0.000000000000000e+00
0.000000000000000e+00
0.000000000000000e+00
0.000000000000000e+00
0.000000000000000e+00
2.331614281511306e-01
2.353224570950625e-01
2.185171645801822e-01
2.340275192840051e-01
0.000000000000000e+00
0.000000000000000e+00
0.000000000000000e+00
0.000000000000000e+00
0.000000000000000e+00
0.000000000000000e+00
0.000000000000000e+00
0.000000000000000e+00
0.000000000000000e+00
0.000000000000000e+00
0.000000000000000e+00
0.000000000000000e+00
0.000000000000000e+00
0.000000000000000e+00
0.000000000000000e+00
0.000000000000000e+00
0.000000000000000e+00
0.000000000000000e+00
0.000000000000000e+00
0.000000000000000e+00
0.000000000000000e+00
0.000000000000000e+00
0.000000000000000e+00
0.000000000000000e+00
0.000000000000000e+00
0.000000000000000e+00
0.000000000000000e+00
0.000000000000000e+00
0.000000000000000e+00
0.000000000000000e+00
0.000000000000000e+00
0.000000000000000e+00
0.000000000000000e+00
0.000000000000000e+00
0.000000000000000e+00
0.000000000000000e+00
0.000000000000000e+00
0.000000000000000e+00
0.000000000000000e+00
0.000000000000000e+00
0.000000000000000e+00
0.000000000000000e+00
0.000000000000000e+00
0.000000000000000e+00
0.000000000000000e+00
0.000000000000000e+00
0.000000000000000e+00
0.000000000000000e+00
0.000000000000000e+00
0.000000000000000e+00
0.000000000000000e+00
0.000000000000000e+00
0.000000000000000e+00
0.000000000000000e+00
0.000000000000000e+00
0.000000000000000e+00
0.000000000000000e+00
0.000000000000000e+00
0.000000000000000e+00
0.000000000000000e+00
0.000000000000000e+00
0.000000000000000e+00
0.000000000000000e+00
0.000000000000000e+00
0.000000000000000e+00
0.000000000000000e+00
0.000000000000000e+00
0.000000000000000e+00
0.000000000000000e+00
0.000000000000000e+00
0.000000000000000e+00
0.000000000000000e+00
0.000000000000000e+00
0.000000000000000e+00
0.000000000000000e+00
0.000000000000000e+00
2.147543007009236e-01
2.384501289444364e-01
1.976786249402887e-01
2.163970005548125e-01
0.000000000000000e+00
0.000000000000000e+00
0.000000000000000e+00
0.000000000000000e+00
0.000000000000000e+00
2.253959932745637e-01
2.156721570566139e-01
2.413833538494512e-01
1.995477997712397e-01
2.193265264345716e-01
2.188212143745374e-01
0.000000000000000e+00
0.000000000000000e+00
0.000000000000000e+00
2.357569882118908e-01
2.268990956453371e-01
2.098874211759439e-01
2.210536876441747e-01
2.270701739546859e-01
2.206667707535385e-01
2.188177895461205e-01
2.228471949690580e-01
0.000000000000000e+00
2.410466932053836e-01
2.348567599767455e-01
2.148200412756731e-01
2.121217665498540e-01
2.238859990866148e-01
2.343709106125937e-01
2.255982762178273e-01
2.439894653865199e-01
2.144654966990551e-01
0.000000000000000e+00
2.333984260953353e-01
2.317151192443202e-01
2.142419632752728e-01
2.130328068561720e-01
2.271326223736154e-01
2.347506687855103e-01
2.226234925297215e-01
2.380263425919383e-01
2.116559613974259e-01
0.000000000000000e+00
2.345168702682616e-01
2.369328952378140e-01
2.120358160327271e-01
2.098024563822599e-01
2.305540135872140e-01
2.350281454485945e-01
2.206135702813372e-01
2.346589855696961e-01
2.135219074088292e-01
0.000000000000000e+00
2.360183919509057e-01
2.346818720216672e-01
2.045619591950786e-01
2.073794123169262e-01
2.358900119035760e-01
2.376578300883025e-01
2.251158137528739e-01
2.336641115361435e-01
2.098749082076904e-01
0.000000000000000e+00
0.000000000000000e+00
2.308320691443788e-01
2.132343070926833e-01
2.071060479539503e-01
2.371306478386497e-01
2.355097588154484e-01
2.276539283977190e-01
2.331725669587514e-01
2.056454960996532e-01
0.000000000000000e+00
0.000000000000000e+00
0.000000000000000e+00
2.127091980776219e-01
2.298687711933119e-01
2.363914770645972e-01
2.212507610017710e-01
2.326174701951995e-01
0.000000000000000e+00
0.000000000000000e+00
0.000000000000000e+00
0.000000000000000e+00
0.000000000000000e+00
0.000000000000000e+00
0.000000000000000e+00
0.000000000000000e+00
0.000000000000000e+00
0.000000000000000e+00
0.000000000000000e+00
0.000000000000000e+00
0.000000000000000e+00
0.000000000000000e+00
0.000000000000000e+00
0.000000000000000e+00
0.000000000000000e+00
0.000000000000000e+00
0.000000000000000e+00
0.000000000000000e+00
0.000000000000000e+00
0.000000000000000e+00
0.000000000000000e+00
0.000000000000000e+00
0.000000000000000e+00
0.000000000000000e+00
0.000000000000000e+00
0.000000000000000e+00
0.000000000000000e+00
0.000000000000000e+00
0.000000000000000e+00
0.000000000000000e+00
0.000000000000000e+00
0.000000000000000e+00
0.000000000000000e+00
0.000000000000000e+00
0.000000000000000e+00
0.000000000000000e+00
0.000000000000000e+00
0.000000000000000e+00
0.000000000000000e+00
0.000000000000000e+00
0.000000000000000e+00
0.000000000000000e+00
0.000000000000000e+00
0.000000000000000e+00
0.000000000000000e+00
0.000000000000000e+00
0.000000000000000e+00
0.000000000000000e+00
0.000000000000000e+00
0.000000000000000e+00
0.000000000000000e+00
0.000000000000000e+00
0.000000000000000e+00
2.270135716128369e-01
2.085303685244961e-01
2.387913232187492e-01
2.039769406177833e-01
2.202005666805636e-01
0.000000000000000e+00
0.000000000000000e+00
0.000000000000000e+00
0.000000000000000e+00
2.284365461823411e-01
2.263988353286644e-01
2.142238698762479e-01
2.187536526115936e-01
2.192011432715401e-01
2.272732530919564e-01
2.230298651541875e-01
2.279979915650700e-01
0.000000000000000e+00
2.362997304706606e-01
2.354160169912176e-01
2.206531155855687e-01
2.138345236838111e-01
2.202234231663631e-01
2.200066144389043e-01
2.251815039535675e-01
2.443955273506816e-01
2.295897834727531e-01
2.208890059333779e-01
2.410606540929816e-01
2.190234986744845e-01
2.174965440339747e-01
2.056489082367665e-01
2.315068276981507e-01
2.165342531369440e-01
2.322659891093431e-01
2.472933498582611e-01
2.132537160834947e-01
2.266231073279036e-01
2.312372935896869e-01
2.250196218668027e-01
2.190422397556649e-01
2.045816246524232e-01
2.326728149907527e-01
2.129997077647056e-01
2.284006226545449e-01
2.486382350353852e-01
2.062001894207459e-01
2.292920772713473e-01
2.330122664253735e-01
2.216181110414731e-01
2.176165682261100e-01
2.099509244738663e-01
2.322866427161061e-01
2.053804221566004e-01
2.282366394336425e-01
2.507769701398737e-01
1.991474050183578e-01
2.272639295997052e-01
2.301875118574145e-01
2.271337382273084e-01
2.163076592902750e-01
2.136149406523033e-01
2.342115647938928e-01
2.018515715308469e-01
2.287064155585896e-01
2.510658346995545e-01
2.004224979329071e-01
2.324305826995631e-01
2.338253564845977e-01
2.256433286587093e-01
2.104352691561896e-01
2.141488214791856e-01
2.318626872119025e-01
2.009914304778869e-01
2.253831721954782e-01
2.477049728921935e-01
2.013324313647554e-01
2.307360718106684e-01
2.392561837402482e-01
2.359827874018685e-01
2.036093134071091e-01
2.161442161626152e-01
2.316998440818631e-01
1.990967415436868e-01
2.277980587001553e-01
2.350968359426987e-01
1.945637202122204e-01
0.000000000000000e+00
2.420712692993648e-01
2.371391583305239e-01
2.021302192105373e-01
2.060490111472792e-01
2.375327050404235e-01
2.374325807845085e-01
2.261611371769948e-01
2.308769495832473e-01
1.981486994735070e-01
0.000000000000000e+00
0.000000000000000e+00
0.000000000000000e+00
2.068831949150799e-01
2.260344070679665e-01
2.317485107244761e-01
2.261804715357085e-01
2.333722480849889e-01
0.000000000000000e+00
0.000000000000000e+00
0.000000000000000e+00
0.000000000000000e+00
0.000000000000000e+00
0.000000000000000e+00
0.000000000000000e+00
0.000000000000000e+00
0.000000000000000e+00
0.000000000000000e+00
0.000000000000000e+00
0.000000000000000e+00
0.000000000000000e+00
0.000000000000000e+00
0.000000000000000e+00
0.000000000000000e+00
0.000000000000000e+00
0.000000000000000e+00
0.000000000000000e+00
0.000000000000000e+00
0.000000000000000e+00
0.000000000000000e+00
0.000000000000000e+00
0.000000000000000e+00
0.000000000000000e+00
0.000000000000000e+00
0.000000000000000e+00
0.000000000000000e+00
0.000000000000000e+00
0.000000000000000e+00
0.000000000000000e+00
0.000000000000000e+00
0.000000000000000e+00
0.000000000000000e+00
2.301683846649657e-01
2.296808396838970e-01
2.012338285293859e-01
2.387018223249104e-01
2.057179762224349e-01
2.147084811077043e-01
2.170568033926655e-01
0.000000000000000e+00
0.000000000000000e+00
2.330871414680881e-01
2.264729175731657e-01
2.197961284123033e-01
2.167635900974311e-01
2.142022263237749e-01
2.219897407629493e-01
2.309047785661301e-01
2.204724444471345e-01
2.288513990188661e-01
2.066149909357253e-01
2.385134635739821e-01
2.113800618211366e-01
2.169077511813525e-01
2.133479227090755e-01
2.279729270282196e-01
2.063687890245976e-01
2.371485475968316e-01
2.395583816791066e-01
2.217980607818081e-01
2.118767193916804e-01
2.316614940814066e-01
2.175438529132577e-01
2.158858950862369e-01
2.093022382235302e-01
2.283835465293938e-01
2.113158933545457e-01
2.354090179792185e-01
2.516600698802397e-01
2.212747348472837e-01
2.181777624714280e-01
2.336623512874289e-01
2.024481863251568e-01
2.185353860725993e-01
2.115489245107519e-01
2.162640572650077e-01
2.057177975218095e-01
2.334001023963949e-01
2.541653161938006e-01
2.096775203087898e-01
2.184158190369435e-01
2.281269126288791e-01
2.132755102180853e-01
2.304406859385005e-01
2.104661728201764e-01
2.160655496694389e-01
2.045296346890857e-01
2.364649278133621e-01
2.422124559525127e-01
2.061215766458926e-01
2.213572102559983e-01
2.307668081024682e-01
2.170495278385220e-01
2.288199689666807e-01
2.079572737715224e-01
2.128589731875555e-01
1.974228332669499e-01
2.362442474170070e-01
2.423284594485228e-01
2.112137163383175e-01
2.283080560589976e-01
2.286076603700887e-01
2.160288033137424e-01
2.281072658186909e-01
2.133417478891337e-01
2.078992464384228e-01
1.943118609182318e-01
2.365781985414896e-01
2.469678019915820e-01
2.158638372512847e-01
2.310843831097674e-01
2.295149122406145e-01
2.119166265480420e-01
2.208763532216156e-01
2.125817063867550e-01
2.017855722674363e-01
1.999248909838695e-01
2.304807047070724e-01
2.396698152181974e-01
2.137555212653769e-01
2.250297939712284e-01
2.339817189354838e-01
2.250845067258947e-01
2.043090128643281e-01
2.164257470651412e-01
2.020258902670505e-01
1.977422389094232e-01
2.274038332439483e-01
2.443491457712750e-01
2.095363191483428e-01
2.279391586930018e-01
2.319928232902208e-01
2.366852942938737e-01
2.087470302909025e-01
2.211784389630692e-01
2.321859261709382e-01
2.004980958722860e-01
2.347115985656179e-01
2.349830019955577e-01
1.855407978380380e-01
0.000000000000000e+00
2.387059803424698e-01
2.364562692857395e-01
2.004582877201062e-01
2.060643340628610e-01
2.429556568367893e-01
2.383189666349179e-01
2.307861279605557e-01
2.275597161978525e-01
1.918836459113183e-01
0.000000000000000e+00
0.000000000000000e+00
0.000000000000000e+00
0.000000000000000e+00
0.000000000000000e+00
0.000000000000000e+00
2.335193562991804e-01
0.000000000000000e+00
0.000000000000000e+00
0.000000000000000e+00
0.000000000000000e+00
0.000000000000000e+00
0.000000000000000e+00
0.000000000000000e+00
0.000000000000000e+00
0.000000000000000e+00
0.000000000000000e+00
0.000000000000000e+00
0.000000000000000e+00
0.000000000000000e+00
0.000000000000000e+00
0.000000000000000e+00
0.000000000000000e+00
2.317759862719343e-01
1.943049900886028e-01
2.453886466482479e-01
2.002660779411599e-01
2.092115548960220e-01
0.000000000000000e+00
0.000000000000000e+00
0.000000000000000e+00
2.357260900174729e-01
2.099619033173175e-01
2.201669552771965e-01
2.195183499158374e-01
2.125023796692350e-01
2.180004735654910e-01
2.344226883231834e-01
2.343119588862655e-01
2.219276941335358e-01
2.046169463274304e-01
2.273490462598426e-01
2.123308909986647e-01
2.200889650709850e-01
2.112057500400645e-01
2.250239900910712e-01
2.127107693810043e-01
2.408284884246650e-01
2.315872490834100e-01
2.207720432886043e-01
2.211206587309522e-01
2.303722412868004e-01
1.945675992403997e-01
2.147321874508400e-01
2.062077125396669e-01
2.130648796406482e-01
2.102352010957059e-01
2.279208114196629e-01
2.445122616356425e-01
2.020040177073785e-01
2.186347173501567e-01
2.296882908236484e-01
1.978671354244488e-01
2.337659872945216e-01
2.120924930755146e-01
2.135255017421567e-01
2.075420259293643e-01
2.327926123353452e-01
2.430921105763157e-01
2.055256077875752e-01
2.073388509086525e-01
2.286774217117513e-01
2.107941575974230e-01
2.332151386212200e-01
2.069061612606046e-01
2.143425254379714e-01
2.278108686777281e-01
2.218214721356315e-01
2.450750761593797e-01
2.162634771811764e-01
2.067986447301184e-01
2.184018374968286e-01
2.161469044277806e-01
2.261416905428751e-01
2.081446859015079e-01
2.081270901383549e-01
2.275110564410683e-01
2.109818953945609e-01
2.326133015911026e-01
2.142100264355050e-01
2.115591151715817e-01
2.199685311775290e-01
2.130757393760492e-01
2.276891376694377e-01
2.129116485995770e-01
2.098562352386474e-01
2.165521969855101e-01
2.048401320935634e-01
2.310305461869867e-01
2.156000161735561e-01
2.117743779177662e-01
2.155680736530674e-01
2.053120907295444e-01
2.255334614096076e-01
2.245959022379112e-01
2.109262316951381e-01
2.123364263700346e-01
2.084768157822012e-01
2.340871894509945e-01
2.214421909888945e-01
2.139753254152019e-01
2.109006858053488e-01
2.005190478285463e-01
2.219072111536403e-01
2.251261244049624e-01
2.053248064225981e-01
2.134620383263351e-01
2.096258156362384e-01
2.312340354538029e-01
2.177419898505449e-01
2.118038448775512e-01
2.288716320384231e-01
2.216495052791379e-01
2.208225270954816e-01
2.248145047830887e-01
2.009112509955162e-01
2.085801544577378e-01
2.069659729146311e-01
2.352126404618067e-01
2.138338974112367e-01
2.229068309964433e-01
2.295202765271729e-01
2.300413064047731e-01
2.186236629026953e-01
2.170411446420315e-01
2.062596380414087e-01
1.921130429779039e-01
2.262440513099372e-01
2.430727861341722e-01
2.149284768441670e-01
2.265472016890953e-01
2.267920715047665e-01
2.350532167392574e-01
2.084197391448188e-01
2.168566560768236e-01
2.233963662035215e-01
2.007835570523647e-01
2.314228932515731e-01
2.317331112960409e-01
1.797808181095759e-01
0.000000000000000e+00
0.000000000000000e+00
2.312036976150607e-01
2.007287198321446e-01
2.331900253679754e-01
2.326246673092498e-01
2.349848626025414e-01
2.357826527024483e-01
2.338962038280192e-01
1.842475546992666e-01
0.000000000000000e+00
0.000000000000000e+00
0.000000000000000e+00
0.000000000000000e+00
0.000000000000000e+00
0.000000000000000e+00
0.000000000000000e+00
0.000000000000000e+00
0.000000000000000e+00
0.000000000000000e+00
0.000000000000000e+00
2.365738340229356e-01
2.322430758170577e-01
2.173363646286769e-01
2.200583292430694e-01
2.137936430082600e-01
2.116646183653844e-01
2.346563070691925e-01
2.106948567004518e-01
2.202149189155422e-01
1.988005235129089e-01
2.233435556358797e-01
1.880512975389372e-01
2.235302594467596e-01
2.164697471436847e-01
2.227828734370733e-01
2.094262382855703e-01
2.449717522852973e-01
2.412273494416310e-01
2.153714520878213e-01
2.238766788227518e-01
2.298123650952674e-01
1.926388510906591e-01
2.348447514690988e-01
2.021507237982585e-01
2.093968145026020e-01
2.148558220921137e-01
2.263937156516500e-01
2.422717182326992e-01
2.044292927981118e-01
2.172116010407070e-01
2.301179866270976e-01
2.123174157081653e-01
2.317045504371630e-01
2.064108067320217e-01
2.190304501343155e-01
2.232028802902228e-01
2.191634947958213e-01
2.347771173633827e-01
2.179928501726503e-01
2.091495447968495e-01
2.227580440892719e-01
2.147262984693910e-01
2.230508029071962e-01
2.058136077500862e-01
2.175594832381453e-01
2.240391603146095e-01
2.239409087681664e-01
2.382396460159943e-01
2.198115404179415e-01
2.216149851159836e-01
2.205619675882562e-01
2.227615192704955e-01
2.262937648948093e-01
0.000000000000000e+00
0.000000000000000e+00
0.000000000000000e+00
0.000000000000000e+00
2.353869225632264e-01
2.049299470685454e-01
2.188927139973783e-01
2.060498850709740e-01
2.198415278361706e-01
0.000000000000000e+00
0.000000000000000e+00
0.000000000000000e+00
0.000000000000000e+00
0.000000000000000e+00
0.000000000000000e+00
1.987367345289127e-01
2.290417606836277e-01
2.108541313829361e-01
0.000000000000000e+00
0.000000000000000e+00
0.000000000000000e+00
0.000000000000000e+00
0.000000000000000e+00
0.000000000000000e+00
0.000000000000000e+00
2.056192529282020e-01
2.353513118958364e-01
2.083724664831794e-01
0.000000000000000e+00
0.000000000000000e+00
0.000000000000000e+00
0.000000000000000e+00
0.000000000000000e+00
0.000000000000000e+00
0.000000000000000e+00
2.042189641061228e-01
2.358951467818089e-01
2.062351778712108e-01
0.000000000000000e+00
0.000000000000000e+00
0.000000000000000e+00
0.000000000000000e+00
0.000000000000000e+00
0.000000000000000e+00
0.000000000000000e+00
1.926921638704358e-01
2.423756118895855e-01
2.103476131194180e-01
1.991923099417586e-01
2.234879710002059e-01
0.000000000000000e+00
0.000000000000000e+00
0.000000000000000e+00
0.000000000000000e+00
2.200923781312780e-01
1.792502302523268e-01
2.128091181040160e-01
2.222592072956036e-01
2.180466744101805e-01
2.253501574652791e-01
2.220942990037851e-01
1.971151143028847e-01
2.101799068776927e-01
2.047112973274063e-01
2.319628870679485e-01
2.141082992784128e-01
2.225297300881468e-01
2.263366752845587e-01
2.290214705281031e-01
2.194348417260375e-01
2.125761285383202e-01
2.100450605733974e-01
1.940929207052532e-01
2.330691362444417e-01
2.443048156124787e-01
2.234106948552054e-01
0.000000000000000e+00
2.338917084267092e-01
2.377981123024987e-01
1.950104620327363e-01
2.125203990747183e-01
2.398732422033740e-01
1.978289386541140e-01
2.363824034170588e-01
2.261203692134455e-01
1.764363191698416e-01
0.000000000000000e+00
0.000000000000000e+00
0.000000000000000e+00
2.308843697104018e-01
1.886703504356567e-01
2.472840192797618e-01
2.096266181138558e-01
2.135790481109931e-01
0.000000000000000e+00
0.000000000000000e+00
1.933838580417354e-01
2.192606566297626e-01
2.031772148727242e-01
2.213352686614328e-01
2.142257434705076e-01
2.246039632229318e-01
2.105792691197990e-01
2.461200096249798e-01
2.348465286229329e-01
2.128412142839492e-01
2.231565555722874e-01
2.333718951908960e-01
2.140854400060956e-01
2.324589423366988e-01
1.995040335636932e-01
2.126820451869046e-01
2.164924319554395e-01
2.333700258484394e-01
2.368302892594525e-01
2.092353239026947e-01
2.161562102774886e-01
2.293158472235605e-01
2.140262253955191e-01
2.180447784795903e-01
2.067838844794318e-01
2.186279910242334e-01
2.305094984464306e-01
2.165486251316823e-01
2.364738521797259e-01
2.199230094406259e-01
2.207631961999080e-01
2.218365427096886e-01
2.326809309890847e-01
2.183959456398988e-01
0.000000000000000e+00
0.000000000000000e+00
0.000000000000000e+00
0.000000000000000e+00
2.420653588821175e-01
2.063171209164984e-01
2.188174999965588e-01
2.075888980803529e-01
2.255003397531181e-01
0.000000000000000e+00
0.000000000000000e+00
0.000000000000000e+00
0.000000000000000e+00
0.000000000000000e+00
0.000000000000000e+00
2.054554251948747e-01
2.476529429330705e-01
2.053151477140061e-01
0.000000000000000e+00
0.000000000000000e+00
0.000000000000000e+00
0.000000000000000e+00
0.000000000000000e+00
0.000000000000000e+00
0.000000000000000e+00
0.000000000000000e+00
2.547328826482894e-01
0.000000000000000e+00
0.000000000000000e+00
0.000000000000000e+00
0.000000000000000e+00
0.000000000000000e+00
0.000000000000000e+00
0.000000000000000e+00
0.000000000000000e+00
0.000000000000000e+00
2.541121550132578e-01
0.000000000000000e+00
0.000000000000000e+00
0.000000000000000e+00
0.000000000000000e+00
0.000000000000000e+00
0.000000000000000e+00
0.000000000000000e+00
0.000000000000000e+00
0.000000000000000e+00
2.462205429712721e-01
0.000000000000000e+00
0.000000000000000e+00
0.000000000000000e+00
0.000000000000000e+00
0.000000000000000e+00
0.000000000000000e+00
0.000000000000000e+00
0.000000000000000e+00
0.000000000000000e+00
2.461345851717038e-01
0.000000000000000e+00
0.000000000000000e+00
0.000000000000000e+00
0.000000000000000e+00
0.000000000000000e+00
0.000000000000000e+00
0.000000000000000e+00
0.000000000000000e+00
0.000000000000000e+00
2.488630720659843e-01
2.035250313223923e-01
0.000000000000000e+00
0.000000000000000e+00
0.000000000000000e+00
0.000000000000000e+00
0.000000000000000e+00
0.000000000000000e+00
0.000000000000000e+00
0.000000000000000e+00
2.448699315314907e-01
2.039930390777887e-01
1.964534766092952e-01
0.000000000000000e+00
0.000000000000000e+00
0.000000000000000e+00
0.000000000000000e+00
0.000000000000000e+00
2.204466464106353e-01
1.784501182520244e-01
2.164838153451822e-01
2.251577515299645e-01
2.214552983451757e-01
2.245559284847598e-01
2.214225851355734e-01
1.967130768551791e-01
2.156820221913758e-01
1.959523088675521e-01
2.347180426699768e-01
2.211176873901677e-01
2.346071715227674e-01
2.276383928270958e-01
2.302258331177373e-01
2.024995434693685e-01
2.188133308341541e-01
2.146364194648261e-01
1.963967408835316e-01
2.288050726133856e-01
2.374905063679177e-01
2.218837930931942e-01
0.000000000000000e+00
2.409218711903090e-01
2.352550388803661e-01
2.180845468663496e-01
2.160619322360986e-01
2.108833197780867e-01
2.084004464845512e-01
2.364518351625524e-01
1.985657339076013e-01
2.180181737496098e-01
2.182225648395004e-01
2.290340978684389e-01
1.849210687514065e-01
2.348625576275372e-01
1.973359777814476e-01
2.123573690843068e-01
2.175546024761006e-01
2.323789220026101e-01
2.382893352238179e-01
2.093073866865385e-01
2.222287517989235e-01
2.376947597045443e-01
2.428009267534973e-01
2.174027888237127e-01
2.084545411422886e-01
2.199027896265073e-01
2.314340270204800e-01
2.133910088055436e-01
2.480161156051749e-01
2.227412514536310e-01
2.205594494539066e-01
2.134647516389193e-01
2.383176210660335e-01
0.000000000000000e+00
0.000000000000000e+00
0.000000000000000e+00
0.000000000000000e+00
0.000000000000000e+00
2.425095728729483e-01
2.064479259451277e-01
2.427856527043109e-01
2.104095390371498e-01
0.000000000000000e+00
0.000000000000000e+00
0.000000000000000e+00
0.000000000000000e+00
0.000000000000000e+00
0.000000000000000e+00
0.000000000000000e+00
0.000000000000000e+00
2.478375836602205e-01
0.000000000000000e+00
0.000000000000000e+00
0.000000000000000e+00
0.000000000000000e+00
0.000000000000000e+00
0.000000000000000e+00
0.000000000000000e+00
0.000000000000000e+00
0.000000000000000e+00
0.000000000000000e+00
0.000000000000000e+00
0.000000000000000e+00
0.000000000000000e+00
0.000000000000000e+00
0.000000000000000e+00
0.000000000000000e+00
0.000000000000000e+00
0.000000000000000e+00
0.000000000000000e+00
0.000000000000000e+00
0.000000000000000e+00
0.000000000000000e+00
0.000000000000000e+00
0.000000000000000e+00
0.000000000000000e+00
0.000000000000000e+00
0.000000000000000e+00
0.000000000000000e+00
0.000000000000000e+00
0.000000000000000e+00
0.000000000000000e+00
0.000000000000000e+00
0.000000000000000e+00
0.000000000000000e+00
0.000000000000000e+00
0.000000000000000e+00
0.000000000000000e+00
0.000000000000000e+00
0.000000000000000e+00
0.000000000000000e+00
0.000000000000000e+00
0.000000000000000e+00
0.000000000000000e+00
0.000000000000000e+00
0.000000000000000e+00
0.000000000000000e+00
0.000000000000000e+00
0.000000000000000e+00
0.000000000000000e+00
0.000000000000000e+00
0.000000000000000e+00
0.000000000000000e+00
0.000000000000000e+00
0.000000000000000e+00
0.000000000000000e+00
0.000000000000000e+00
0.000000000000000e+00
0.000000000000000e+00
0.000000000000000e+00
0.000000000000000e+00
0.000000000000000e+00
0.000000000000000e+00
0.000000000000000e+00
0.000000000000000e+00
0.000000000000000e+00
0.000000000000000e+00
0.000000000000000e+00
0.000000000000000e+00
0.000000000000000e+00
2.505441687882111e-01
0.000000000000000e+00
0.000000000000000e+00
0.000000000000000e+00
0.000000000000000e+00
0.000000000000000e+00
0.000000000000000e+00
0.000000000000000e+00
0.000000000000000e+00
0.000000000000000e+00
2.432848840805776e-01
2.071008792031892e-01
1.949463835633920e-01
0.000000000000000e+00
0.000000000000000e+00
0.000000000000000e+00
0.000000000000000e+00
0.000000000000000e+00
2.226296426152114e-01
1.772791347314219e-01
2.236243163502154e-01
2.261790554333791e-01
2.194856143269541e-01
2.160731271201263e-01
2.124704789551493e-01
2.037015283112865e-01
2.177305994645166e-01
2.299844807352641e-01
2.281487013545439e-01
2.149537722104052e-01
1.960964417846943e-01
2.166675865618898e-01
1.958690279127734e-01
2.133866932432774e-01
2.171152976306202e-01
2.221810300966252e-01
2.231272886494859e-01
2.492448520063942e-01
2.335376436843291e-01
2.111944561433795e-01
2.288576845907365e-01
2.437747600120780e-01
2.220892313358851e-01
2.174758927860697e-01
1.967535872741830e-01
2.173303317107005e-01
2.337575980601042e-01
2.094679223657181e-01
2.310211528374048e-01
2.253817969693431e-01
2.209922241896921e-01
2.189556133986785e-01
0.000000000000000e+00
0.000000000000000e+00
0.000000000000000e+00
0.000000000000000e+00
0.000000000000000e+00
0.000000000000000e+00
0.000000000000000e+00
2.137569994281864e-01
2.333253633340873e-01
0.000000000000000e+00
0.000000000000000e+00
0.000000000000000e+00
0.000000000000000e+00
0.000000000000000e+00
0.000000000000000e+00
0.000000000000000e+00
0.000000000000000e+00
0.000000000000000e+00
0.000000000000000e+00
0.000000000000000e+00
0.000000000000000e+00
0.000000000000000e+00
0.000000000000000e+00
0.000000000000000e+00
0.000000000000000e+00
0.000000000000000e+00
0.000000000000000e+00
0.000000000000000e+00
0.000000000000000e+00
0.000000000000000e+00
0.000000000000000e+00
0.000000000000000e+00
0.000000000000000e+00
0.000000000000000e+00
0.000000000000000e+00
0.000000000000000e+00
0.000000000000000e+00
0.000000000000000e+00
0.000000000000000e+00
0.000000000000000e+00
0.000000000000000e+00
0.000000000000000e+00
0.000000000000000e+00
0.000000000000000e+00
0.000000000000000e+00
0.000000000000000e+00
0.000000000000000e+00
0.000000000000000e+00
0.000000000000000e+00
0.000000000000000e+00
0.000000000000000e+00
0.000000000000000e+00
0.000000000000000e+00
0.000000000000000e+00
0.000000000000000e+00
0.000000000000000e+00
0.000000000000000e+00
0.000000000000000e+00
0.000000000000000e+00
0.000000000000000e+00
0.000000000000000e+00
0.000000000000000e+00
0.000000000000000e+00
0.000000000000000e+00
0.000000000000000e+00
0.000000000000000e+00
0.000000000000000e+00
0.000000000000000e+00
0.000000000000000e+00
0.000000000000000e+00
0.000000000000000e+00
0.000000000000000e+00
0.000000000000000e+00
0.000000000000000e+00
0.000000000000000e+00
0.000000000000000e+00
0.000000000000000e+00
0.000000000000000e+00
0.000000000000000e+00
0.000000000000000e+00
0.000000000000000e+00
0.000000000000000e+00
0.000000000000000e+00
0.000000000000000e+00
0.000000000000000e+00
0.000000000000000e+00
0.000000000000000e+00
0.000000000000000e+00
0.000000000000000e+00
0.000000000000000e+00
0.000000000000000e+00
0.000000000000000e+00
0.000000000000000e+00
0.000000000000000e+00
0.000000000000000e+00
0.000000000000000e+00
0.000000000000000e+00
0.000000000000000e+00
0.000000000000000e+00
0.000000000000000e+00
0.000000000000000e+00
0.000000000000000e+00
0.000000000000000e+00
0.000000000000000e+00
0.000000000000000e+00
0.000000000000000e+00
0.000000000000000e+00
0.000000000000000e+00
2.491690735780802e-01
0.000000000000000e+00
0.000000000000000e+00
0.000000000000000e+00
0.000000000000000e+00
0.000000000000000e+00
0.000000000000000e+00
0.000000000000000e+00
0.000000000000000e+00
0.000000000000000e+00
2.229659849684124e-01
2.267085159410415e-01
1.981633972297621e-01
2.159654388500057e-01
2.252322894597176e-01
1.929378524973409e-01
0.000000000000000e+00
1.930908134790478e-01
2.212412925903645e-01
1.702365461005615e-01
2.235586480093161e-01
2.262464893791841e-01
1.764907115448843e-01
2.324147992594249e-01
1.969342321526228e-01
2.112104533385330e-01
2.139349200908454e-01
2.201671468544194e-01
2.299563151897490e-01
2.093466677751279e-01
2.170150733202632e-01
2.179520710998842e-01
2.483363932639474e-01
0.000000000000000e+00
0.000000000000000e+00
0.000000000000000e+00
0.000000000000000e+00
0.000000000000000e+00
2.420855430427420e-01
2.061314845902304e-01
2.399362725487129e-01
0.000000000000000e+00
0.000000000000000e+00
0.000000000000000e+00
0.000000000000000e+00
0.000000000000000e+00
0.000000000000000e+00
0.000000000000000e+00
0.000000000000000e+00
0.000000000000000e+00
0.000000000000000e+00
0.000000000000000e+00
0.000000000000000e+00
0.000000000000000e+00
0.000000000000000e+00
0.000000000000000e+00
0.000000000000000e+00
0.000000000000000e+00
0.000000000000000e+00
0.000000000000000e+00
0.000000000000000e+00
0.000000000000000e+00
0.000000000000000e+00
0.000000000000000e+00
0.000000000000000e+00
0.000000000000000e+00
0.000000000000000e+00
0.000000000000000e+00
0.000000000000000e+00
0.000000000000000e+00
0.000000000000000e+00
0.000000000000000e+00
0.000000000000000e+00
0.000000000000000e+00
0.000000000000000e+00
0.000000000000000e+00
0.000000000000000e+00
0.000000000000000e+00
0.000000000000000e+00
0.000000000000000e+00
0.000000000000000e+00
0.000000000000000e+00
0.000000000000000e+00
0.000000000000000e+00
0.000000000000000e+00
0.000000000000000e+00
0.000000000000000e+00
0.000000000000000e+00
0.000000000000000e+00
0.000000000000000e+00
0.000000000000000e+00
0.000000000000000e+00
0.000000000000000e+00
0.000000000000000e+00
0.000000000000000e+00
0.000000000000000e+00
0.000000000000000e+00
0.000000000000000e+00
0.000000000000000e+00
0.000000000000000e+00
0.000000000000000e+00
0.000000000000000e+00
0.000000000000000e+00
0.000000000000000e+00
0.000000000000000e+00
0.000000000000000e+00
0.000000000000000e+00
0.000000000000000e+00
0.000000000000000e+00
0.000000000000000e+00
0.000000000000000e+00
0.000000000000000e+00
0.000000000000000e+00
0.000000000000000e+00
0.000000000000000e+00
0.000000000000000e+00
0.000000000000000e+00
0.000000000000000e+00
0.000000000000000e+00
0.000000000000000e+00
0.000000000000000e+00
0.000000000000000e+00
0.000000000000000e+00
0.000000000000000e+00
0.000000000000000e+00
0.000000000000000e+00
0.000000000000000e+00
0.000000000000000e+00
0.000000000000000e+00
0.000000000000000e+00
0.000000000000000e+00
0.000000000000000e+00
0.000000000000000e+00
0.000000000000000e+00
0.000000000000000e+00
0.000000000000000e+00
0.000000000000000e+00
0.000000000000000e+00
0.000000000000000e+00
0.000000000000000e+00
0.000000000000000e+00
0.000000000000000e+00
0.000000000000000e+00
0.000000000000000e+00
0.000000000000000e+00
0.000000000000000e+00
0.000000000000000e+00
0.000000000000000e+00
0.000000000000000e+00
0.000000000000000e+00
0.000000000000000e+00
0.000000000000000e+00
0.000000000000000e+00
0.000000000000000e+00
0.000000000000000e+00
0.000000000000000e+00
0.000000000000000e+00
0.000000000000000e+00
0.000000000000000e+00
0.000000000000000e+00
2.463252155992113e-01
2.101182117306245e-01
0.000000000000000e+00
0.000000000000000e+00
0.000000000000000e+00
0.000000000000000e+00
0.000000000000000e+00
0.000000000000000e+00
0.000000000000000e+00
0.000000000000000e+00
2.319201390229349e-01
2.357718282111146e-01
2.207093118417221e-01
2.146148203187839e-01
1.911494270984452e-01
2.093035715065291e-01
2.329830825166617e-01
2.088108642411813e-01
2.220345475707195e-01
2.119721046519667e-01
2.382141939999980e-01
0.000000000000000e+00
0.000000000000000e+00
0.000000000000000e+00
0.000000000000000e+00
0.000000000000000e+00
0.000000000000000e+00
0.000000000000000e+00
0.000000000000000e+00
0.000000000000000e+00
0.000000000000000e+00
0.000000000000000e+00
0.000000000000000e+00
0.000000000000000e+00
0.000000000000000e+00
0.000000000000000e+00
0.000000000000000e+00
0.000000000000000e+00
0.000000000000000e+00
0.000000000000000e+00
0.000000000000000e+00
0.000000000000000e+00
0.000000000000000e+00
0.000000000000000e+00
0.000000000000000e+00
0.000000000000000e+00
0.000000000000000e+00
0.000000000000000e+00
0.000000000000000e+00
0.000000000000000e+00
0.000000000000000e+00
0.000000000000000e+00
0.000000000000000e+00
0.000000000000000e+00
0.000000000000000e+00
0.000000000000000e+00
0.000000000000000e+00
0.000000000000000e+00
0.000000000000000e+00
0.000000000000000e+00
0.000000000000000e+00
0.000000000000000e+00
0.000000000000000e+00
0.000000000000000e+00
0.000000000000000e+00
0.000000000000000e+00
0.000000000000000e+00
0.000000000000000e+00
0.000000000000000e+00
0.000000000000000e+00
0.000000000000000e+00
0.000000000000000e+00
0.000000000000000e+00
0.000000000000000e+00
0.000000000000000e+00
0.000000000000000e+00
0.000000000000000e+00
0.000000000000000e+00
0.000000000000000e+00
0.000000000000000e+00
0.000000000000000e+00
0.000000000000000e+00
0.000000000000000e+00
0.000000000000000e+00
0.000000000000000e+00
0.000000000000000e+00
0.000000000000000e+00
0.000000000000000e+00
0.000000000000000e+00
0.000000000000000e+00
0.000000000000000e+00
0.000000000000000e+00
0.000000000000000e+00
0.000000000000000e+00
0.000000000000000e+00
0.000000000000000e+00
0.000000000000000e+00
0.000000000000000e+00
0.000000000000000e+00
0.000000000000000e+00
0.000000000000000e+00
0.000000000000000e+00
0.000000000000000e+00
0.000000000000000e+00
0.000000000000000e+00
0.000000000000000e+00
0.000000000000000e+00
0.000000000000000e+00
0.000000000000000e+00
0.000000000000000e+00
0.000000000000000e+00
0.000000000000000e+00
0.000000000000000e+00
0.000000000000000e+00
0.000000000000000e+00
0.000000000000000e+00
0.000000000000000e+00
0.000000000000000e+00
0.000000000000000e+00
0.000000000000000e+00
0.000000000000000e+00
0.000000000000000e+00
0.000000000000000e+00
0.000000000000000e+00
0.000000000000000e+00
0.000000000000000e+00
0.000000000000000e+00
0.000000000000000e+00
0.000000000000000e+00
0.000000000000000e+00
0.000000000000000e+00
0.000000000000000e+00
0.000000000000000e+00
0.000000000000000e+00
0.000000000000000e+00
0.000000000000000e+00
0.000000000000000e+00
0.000000000000000e+00
0.000000000000000e+00
0.000000000000000e+00
0.000000000000000e+00
0.000000000000000e+00
0.000000000000000e+00
0.000000000000000e+00
0.000000000000000e+00
0.000000000000000e+00
0.000000000000000e+00
0.000000000000000e+00
0.000000000000000e+00
0.000000000000000e+00
2.446002522826120e-01
0.000000000000000e+00
0.000000000000000e+00
0.000000000000000e+00
0.000000000000000e+00
0.000000000000000e+00
0.000000000000000e+00
0.000000000000000e+00
0.000000000000000e+00
0.000000000000000e+00
2.232403583990262e-01
2.104260351348669e-01
2.564590577806504e-01
0.000000000000000e+00
0.000000000000000e+00
0.000000000000000e+00
0.000000000000000e+00
0.000000000000000e+00
2.336384580437478e-01
1.917439147215002e-01
0.000000000000000e+00
0.000000000000000e+00
0.000000000000000e+00
0.000000000000000e+00
0.000000000000000e+00
0.000000000000000e+00
0.000000000000000e+00
0.000000000000000e+00
0.000000000000000e+00
0.000000000000000e+00
0.000000000000000e+00
0.000000000000000e+00
0.000000000000000e+00
0.000000000000000e+00
0.000000000000000e+00
0.000000000000000e+00
0.000000000000000e+00
0.000000000000000e+00
0.000000000000000e+00
0.000000000000000e+00
0.000000000000000e+00
0.000000000000000e+00
0.000000000000000e+00
0.000000000000000e+00
0.000000000000000e+00
0.000000000000000e+00
0.000000000000000e+00
0.000000000000000e+00
0.000000000000000e+00
0.000000000000000e+00
0.000000000000000e+00
0.000000000000000e+00
0.000000000000000e+00
0.000000000000000e+00
0.000000000000000e+00
0.000000000000000e+00
0.000000000000000e+00
0.000000000000000e+00
0.000000000000000e+00
0.000000000000000e+00
0.000000000000000e+00
0.000000000000000e+00
0.000000000000000e+00
0.000000000000000e+00
0.000000000000000e+00
0.000000000000000e+00
0.000000000000000e+00
0.000000000000000e+00
0.000000000000000e+00
0.000000000000000e+00
0.000000000000000e+00
0.000000000000000e+00
0.000000000000000e+00
0.000000000000000e+00
0.000000000000000e+00
0.000000000000000e+00
0.000000000000000e+00
0.000000000000000e+00
0.000000000000000e+00
0.000000000000000e+00
0.000000000000000e+00
0.000000000000000e+00
0.000000000000000e+00
0.000000000000000e+00
0.000000000000000e+00
0.000000000000000e+00
0.000000000000000e+00
0.000000000000000e+00
0.000000000000000e+00
0.000000000000000e+00
0.000000000000000e+00
0.000000000000000e+00
0.000000000000000e+00
0.000000000000000e+00
0.000000000000000e+00
0.000000000000000e+00
0.000000000000000e+00
0.000000000000000e+00
0.000000000000000e+00
0.000000000000000e+00
0.000000000000000e+00
0.000000000000000e+00
0.000000000000000e+00
0.000000000000000e+00
0.000000000000000e+00
0.000000000000000e+00
0.000000000000000e+00
0.000000000000000e+00
0.000000000000000e+00
0.000000000000000e+00
0.000000000000000e+00
0.000000000000000e+00
0.000000000000000e+00
0.000000000000000e+00
0.000000000000000e+00
0.000000000000000e+00
0.000000000000000e+00
0.000000000000000e+00
0.000000000000000e+00
0.000000000000000e+00
0.000000000000000e+00
0.000000000000000e+00
0.000000000000000e+00
0.000000000000000e+00
0.000000000000000e+00
0.000000000000000e+00
0.000000000000000e+00
0.000000000000000e+00
0.000000000000000e+00
0.000000000000000e+00
0.000000000000000e+00
0.000000000000000e+00
0.000000000000000e+00
0.000000000000000e+00
0.000000000000000e+00
0.000000000000000e+00
0.000000000000000e+00
0.000000000000000e+00
0.000000000000000e+00
0.000000000000000e+00
0.000000000000000e+00
0.000000000000000e+00
0.000000000000000e+00
0.000000000000000e+00
0.000000000000000e+00
0.000000000000000e+00
0.000000000000000e+00
0.000000000000000e+00
0.000000000000000e+00
0.000000000000000e+00
0.000000000000000e+00
0.000000000000000e+00
0.000000000000000e+00
0.000000000000000e+00
0.000000000000000e+00
0.000000000000000e+00
0.000000000000000e+00
0.000000000000000e+00
0.000000000000000e+00
0.000000000000000e+00
2.347194382924937e-01
0.000000000000000e+00
0.000000000000000e+00
0.000000000000000e+00
0.000000000000000e+00
0.000000000000000e+00
0.000000000000000e+00
0.000000000000000e+00
0.000000000000000e+00
0.000000000000000e+00
0.000000000000000e+00
0.000000000000000e+00
0.000000000000000e+00
0.000000000000000e+00
0.000000000000000e+00
0.000000000000000e+00
0.000000000000000e+00
0.000000000000000e+00
0.000000000000000e+00
0.000000000000000e+00
0.000000000000000e+00
0.000000000000000e+00
0.000000000000000e+00
0.000000000000000e+00
0.000000000000000e+00
0.000000000000000e+00
0.000000000000000e+00
0.000000000000000e+00
0.000000000000000e+00
0.000000000000000e+00
0.000000000000000e+00
0.000000000000000e+00
0.000000000000000e+00
0.000000000000000e+00
0.000000000000000e+00
0.000000000000000e+00
0.000000000000000e+00
0.000000000000000e+00
0.000000000000000e+00
0.000000000000000e+00
0.000000000000000e+00
0.000000000000000e+00
0.000000000000000e+00
0.000000000000000e+00
0.000000000000000e+00
0.000000000000000e+00
0.000000000000000e+00
0.000000000000000e+00
0.000000000000000e+00
0.000000000000000e+00
0.000000000000000e+00
0.000000000000000e+00
0.000000000000000e+00
0.000000000000000e+00
0.000000000000000e+00
0.000000000000000e+00
0.000000000000000e+00
0.000000000000000e+00
0.000000000000000e+00
0.000000000000000e+00
0.000000000000000e+00
0.000000000000000e+00
0.000000000000000e+00
0.000000000000000e+00
0.000000000000000e+00
0.000000000000000e+00
0.000000000000000e+00
0.000000000000000e+00
0.000000000000000e+00
0.000000000000000e+00
0.000000000000000e+00
0.000000000000000e+00
0.000000000000000e+00
0.000000000000000e+00
0.000000000000000e+00
0.000000000000000e+00
0.000000000000000e+00
0.000000000000000e+00
0.000000000000000e+00
0.000000000000000e+00
0.000000000000000e+00
0.000000000000000e+00
0.000000000000000e+00
0.000000000000000e+00
0.000000000000000e+00
0.000000000000000e+00
0.000000000000000e+00
0.000000000000000e+00
0.000000000000000e+00
0.000000000000000e+00
0.000000000000000e+00
0.000000000000000e+00
0.000000000000000e+00
0.000000000000000e+00
0.000000000000000e+00
0.000000000000000e+00
0.000000000000000e+00
0.000000000000000e+00
0.000000000000000e+00
0.000000000000000e+00
0.000000000000000e+00
0.000000000000000e+00
0.000000000000000e+00
0.000000000000000e+00
0.000000000000000e+00
0.000000000000000e+00
0.000000000000000e+00
0.000000000000000e+00
0.000000000000000e+00
0.000000000000000e+00
0.000000000000000e+00
0.000000000000000e+00
0.000000000000000e+00
0.000000000000000e+00
0.000000000000000e+00
0.000000000000000e+00
0.000000000000000e+00
0.000000000000000e+00
0.000000000000000e+00
0.000000000000000e+00
0.000000000000000e+00
0.000000000000000e+00
0.000000000000000e+00
0.000000000000000e+00
0.000000000000000e+00
0.000000000000000e+00
0.000000000000000e+00
0.000000000000000e+00
0.000000000000000e+00
0.000000000000000e+00
0.000000000000000e+00
0.000000000000000e+00
0.000000000000000e+00
0.000000000000000e+00
0.000000000000000e+00
0.000000000000000e+00
0.000000000000000e+00
0.000000000000000e+00
0.000000000000000e+00
0.000000000000000e+00
0.000000000000000e+00
0.000000000000000e+00
0.000000000000000e+00
0.000000000000000e+00
0.000000000000000e+00
0.000000000000000e+00
0.000000000000000e+00
0.000000000000000e+00
0.000000000000000e+00
0.000000000000000e+00
/
